# Fix print output for fix def1
0  0.0960690859027176
0.0002  0.382608001138848
0.0004  0.677804291985638
0.0006  0.871002776267818
0.0008  0.513392713601677
0.001  0.943281332730524
0.0012  0.778935590228006
0.0014  0.792985089982199
0.0016  1.39213432374975
0.0018  1.60947112154698
0.002  1.1182886175357
0.0022  1.41006040933388
0.0024  1.8816709785026
0.0026  1.56267365301744
0.0028  2.12976036059235
0.003  2.36543655178755
0.0032  1.79609950738126
0.0034  2.27629294775048
0.0036  2.75028807276102
0.0038  2.2707736933384
0.004  2.32326535308775
0.0042  2.65062252290247
0.0044  2.55351808942035
0.0046  2.94535464261342
0.0048  3.54331484182693
0.005  3.10810218742987
0.0052  3.30382932704273
0.0054  3.71677990895016
0.0056  3.49448638748981
0.0058  3.57843420756219
0.006  3.83869891882557
0.0062  3.39042313690938
0.0064  3.68240754933052
0.0066  4.25378702555885
0.0068  3.40120855980864
0.007  3.89567963401941
0.0072  4.97860486294469
0.0074  3.97562189337564
0.0076  4.40010879290443
0.0078  5.24784244266649
0.008  4.832862939627
0.0082  4.54386910169944
0.0084  5.09214276567468
0.0086  4.94994092212736
0.0088  4.94616348146301
0.009  5.59345506931874
0.0092  5.60757286442014
0.0094  5.10937348451133
0.0096  5.60204968684825
0.0098  5.73369268882298
0.01  5.50108552973552
0.0102  5.63573368483441
0.0104  5.84597385667382
0.0106  6.16317593693576
0.0108  6.65436936151273
0.011  6.14737260785192
0.0112  6.55699027003272
0.0114  6.86397864740397
0.0116  6.31778852212745
0.0118  6.71241425614931
0.012  7.18931563093819
0.0122  6.71213741370142
0.0124  6.77520272114202
0.0126  6.94043982919155
0.0128  7.68979254661901
0.013  7.3056894965549
0.0132  7.46211056731194
0.0134  7.8018576635295
0.0136  7.50392726012396
0.0138  7.68519708234099
0.014  8.7528164006703
0.0142  7.66707270428075
0.0144  7.65047069848672
0.0146  8.07678932482898
0.0148  8.38618072385034
0.015  8.82587861262093
0.0152  8.04747262667565
0.0154  8.32543653945557
0.0156  8.79950406632509
0.0158  8.60150906224405
0.016  8.91477884422708
0.0162  9.45267051776776
0.0164  9.02489145084226
0.0166  8.69444029792145
0.0168  9.47323437366709
0.017  9.92845376698491
0.0172  9.09040024966443
0.0174  9.12421183061888
0.0176  9.74704586960135
0.0178  9.86775962692283
0.018  9.57687314113558
0.0182  10.3265746316084
0.0184  10.1415468893605
0.0186  9.88563275717732
0.0188  10.3842750168264
0.019  10.637794143111
0.0192  10.7591385169887
0.0194  9.98606140633203
0.0196  10.8434515854465
0.0198  10.987714176634
0.02  10.9944590230681
0.0202  10.8611434203338
0.0204  11.2324888184913
0.0206  11.6185608955912
0.0208  11.1847252874002
0.021  11.2066294582556
0.0212  12.0636566997143
0.0214  11.5365012532321
0.0216  11.1054624469375
0.0218  11.9492791172924
0.022  12.2045122096404
0.0222  11.8257920544166
0.0224  11.8422512276535
0.0226  12.4093357632744
0.0228  12.2146409268884
0.023  12.2658960844492
0.0232  12.2494274148209
0.0234  12.9337440548503
0.0236  12.2205062554377
0.0238  12.6621538256893
0.024  13.4166395567228
0.0242  13.0533227473495
0.0244  12.5443074472388
0.0246  13.3291288035812
0.0248  13.376350132092
0.025  13.2329400199145
0.0252  13.5272170736008
0.0254  13.467882655877
0.0256  13.594362034427
0.0258  13.4498911015881
0.026  13.6905375845129
0.0262  14.1828215508021
0.0264  14.0520622411197
0.0266  13.9680183026144
0.0268  14.2057888644853
0.027  14.4489321015749
0.0272  14.3481185340442
0.0274  14.4825426031645
0.0276  14.453069034977
0.0278  14.8715833792376
0.028  14.4455535554979
0.0282  15.0603254320358
0.0284  14.8702246636945
0.0286  14.9204212176778
0.0288  14.9431605965779
0.029  15.4299915099892
0.0292  15.6147977501206
0.0294  15.1230074050304
0.0296  15.7053088323321
0.0298  15.8721851309305
0.03  15.3981786782048
0.0302  15.7493755536455
0.0304  16.4627455252749
0.0306  15.7778763165721
0.0308  15.4850910469806
0.031  15.9318072212192
0.0312  16.6794774261146
0.0314  16.465858068808
0.0316  16.0993906677239
0.0318  16.8425832647438
0.032  16.7129804688982
0.0322  16.3841018508569
0.0324  17.0446798335704
0.0326  16.817249254508
0.0328  16.5491159553483
0.033  17.4084471435413
0.0332  16.7536632713061
0.0334  17.7339891628551
0.0336  17.2505888483131
0.0338  17.237354266669
0.034  17.5706329703986
0.0342  17.8213534722715
0.0344  17.4373663164879
0.0346  18.2264485808047
0.0348  17.7825187667173
0.035  17.8502320155565
0.0352  18.0333287247558
0.0354  18.4281879227098
0.0356  18.6856023412686
0.0358  17.9383716067765
0.036  18.5190143139032
0.0362  19.1111341894366
0.0364  18.2280114138705
0.0366  18.7211220330931
0.0368  19.0758927108149
0.037  18.960135286836
0.0372  19.0721832719206
0.0374  19.3233975264868
0.0376  19.2901881632313
0.0378  19.0858368449749
0.038  19.1367468847127
0.0382  19.7918584232266
0.0384  19.6764643929562
0.0386  19.7036657140787
0.0388  19.7276185892234
0.039  19.9635173729272
0.0392  19.7496316392281
0.0394  19.9813753995264
0.0396  20.2136753849484
0.0398  20.0905303186581
0.04  20.2857970102061
0.0402  20.2480561952466
0.0404  20.515242580212
0.0406  20.6079867669613
0.0408  20.6104604637182
0.041  20.4416460546879
0.0412  21.1907742936136
0.0414  21.0234761667186
0.0416  20.8891125314988
0.0418  20.9387117688103
0.042  21.4487006481643
0.0422  20.9777154221242
0.0424  21.3115303108392
0.0426  21.6423230494186
0.0428  21.9089964744179
0.043  20.9135069196813
0.0432  21.6989307986984
0.0434  22.1455609040014
0.0436  21.4403125424961
0.0438  21.7574611998402
0.044  22.4918192237711
0.0442  22.1124642616188
0.0444  21.9155204096465
0.0446  22.2962859420473
0.0448  22.853781261026
0.045  22.2694996385043
0.0452  22.594695215425
0.0454  23.0390627410542
0.0456  22.8149624038742
0.0458  22.7171582188247
0.046  22.7773485809481
0.0462  23.3022622048925
0.0464  22.9654829372054
0.0466  23.1843017415555
0.0468  23.6558278765307
0.047  23.425345710715
0.0472  22.9987201635065
0.0474  23.8742676669398
0.0476  23.4799066898321
0.0478  23.6596398062575
0.048  23.9350133464194
0.0482  23.8501185894913
0.0484  23.7571388447369
0.0486  24.2822876704915
0.0488  23.9271425004689
0.049  24.2990729016506
0.0492  24.0185947048444
0.0494  24.4545247914677
0.0496  24.1255411195525
0.0498  24.2990077429083
0.05  24.8138343477791
0.0502  24.6423718799074
0.0504  24.6048796454682
0.0506  24.8740443461367
0.0508  24.8503182718061
0.051  24.8040462357946
0.0512  25.050517261814
0.0514  25.2574967368705
0.0516  25.5390249234022
0.0518  25.0027964998221
0.052  25.4543399012654
0.0522  25.9083276521559
0.0524  25.253319892698
0.0526  25.7069731241719
0.0528  26.0540705569144
0.053  25.830922765082
0.0532  25.9878625391695
0.0534  25.7446374549944
0.0536  26.2953474071254
0.0538  25.6371859362976
0.054  26.3965660653268
0.0542  26.6768501155341
0.0544  26.2483650920012
0.0546  26.4999219480609
0.0548  26.8784312533243
0.055  26.9475719391945
0.0552  26.3061894699907
0.0554  27.0002181158338
0.0556  27.2009211990233
0.0558  26.7365170458075
0.056  26.9264633030467
0.0562  27.4475417525186
0.0564  27.2293304798128
0.0566  26.9516494840468
0.0568  27.5913099620518
0.057  27.8960832922749
0.0572  27.4864702537958
0.0574  27.1338612107156
0.0576  28.1522900080245
0.0578  27.7425779023942
0.058  27.7314595553175
0.0582  28.1317759150296
0.0584  28.2007851678022
0.0586  28.0075265113332
0.0588  28.1570145967584
0.059  28.6755746345368
0.0592  28.4442584445744
0.0594  28.2944696698127
0.0596  28.6574250860046
0.0598  28.9273603182563
0.06  28.5171518955808
0.0602  28.7423383629397
0.0604  28.9631183089711
0.0606  28.8094477339755
0.0608  28.563024503976
0.061  29.5003892119483
0.0612  29.3231903993308
0.0614  28.894936155269
0.0616  29.3905252327296
0.0618  29.3131321304224
0.062  29.4588086445044
0.0622  29.4134566229439
0.0624  29.584008794539
0.0626  29.9265208122787
0.0628  29.0037193004093
0.063  29.9370569096371
0.0632  29.9006461513925
0.0634  29.6785734185138
0.0636  30.0262784440107
0.0638  30.1477726628782
0.064  29.8926819674053
0.0642  30.2094548396128
0.0644  30.037705521066
0.0646  30.4745382033902
0.0648  30.0889277189116
0.065  30.6828052132252
0.0652  30.4502030811861
0.0654  30.8348012635298
0.0656  30.3253289244723
0.0658  30.4964430731024
0.066  30.9875386139814
0.0662  30.7436014815744
0.0664  31.0471742916525
0.0666  30.9477681680846
0.0668  31.1677723269213
0.067  31.3520888548826
0.0672  31.0217513726779
0.0674  31.4749979738938
0.0676  31.6213868527373
0.0678  31.3163445032626
0.068  31.7505850989861
0.0682  31.7285558796309
0.0684  31.6197829865851
0.0686  32.0258262165344
0.0688  31.7856536971288
0.069  32.305719987088
0.0692  32.1003874182558
0.0694  32.0684233486889
0.0696  32.6808403895565
0.0698  32.0246084590203
0.07  32.4241634669054
0.0702  32.4316566040299
0.0704  32.6645557806392
0.0706  32.7740211844738
0.0708  32.4564706901304
0.071  32.9106108619276
0.0712  32.4870368620102
0.0714  32.975137818145
0.0716  32.7093147009989
0.0718  33.2597814376359
0.072  32.8488350820347
0.0722  33.1081867807859
0.0724  33.3251988856333
0.0726  33.0258980227471
0.0728  33.3795873245406
0.073  33.4935441133907
0.0732  33.3386439292501
0.0734  33.6116524756769
0.0736  33.5806702059864
0.0738  33.6939203570332
0.074  33.769552650509
0.0742  33.673577524074
0.0744  33.887109667553
0.0746  34.279884209761
0.0748  33.5347926699238
0.075  33.9736575016165
0.0752  34.1059759048905
0.0754  34.0387613513336
0.0756  34.389810596785
0.0758  34.513465059289
0.076  34.2853630571314
0.0762  34.1587645551821
0.0764  34.4347140285452
0.0766  34.3586939891712
0.0768  35.0939815769942
0.077  34.4895786002033
0.0772  34.8342137712338
0.0774  34.76290532548
0.0776  34.9100398873188
0.0778  35.0945542887003
0.078  34.862498872459
0.0782  35.0171910982137
0.0784  35.1106679338754
0.0786  35.4282014786365
0.0788  35.2745137537004
0.079  35.3908748508774
0.0792  35.6711638569744
0.0794  35.6942288939496
0.0796  35.3799622229912
0.0798  35.4641623992489
0.08  36.0204925387797
0.0802  35.8638816712303
0.0804  35.3177198095833
0.0806  35.9615061569084
0.0808  36.1076077581025
0.081  35.9811758970589
0.0812  36.2571534826385
0.0814  36.305911706284
0.0816  36.5291243157724
0.0818  36.2471292937271
0.082  36.2050058536763
0.0822  36.8458426038921
0.0824  36.5171047553936
0.0826  36.7265361569656
0.0828  36.7402498385638
0.083  36.9065591801026
0.0832  36.5970859065901
0.0834  36.6745145495543
0.0836  37.0572479139984
0.0838  36.9743548346195
0.084  37.2299518763971
0.0842  37.2431134716127
0.0844  37.2056774947192
0.0846  36.9387310829083
0.0848  37.516913077291
0.085  37.555150097305
0.0852  37.3828663484269
0.0854  37.4218702675497
0.0856  37.9057663584092
0.0858  37.5784032565241
0.086  37.5097444733319
0.0862  37.701027746439
0.0864  38.1696763880601
0.0866  37.9105182887591
0.0868  37.8286743785963
0.087  38.1986286694412
0.0872  38.0391128161029
0.0874  37.8949296510512
0.0876  37.7410223784465
0.0878  38.2514176831772
0.088  38.0203185318494
0.0882  38.1792815511133
0.0884  38.2178905873531
0.0886  38.3625104111512
0.0888  38.7382678835905
0.089  38.3222463615831
0.0892  38.6499741447632
0.0894  38.6035491915894
0.0896  38.7377649643132
0.0898  38.5705853128363
0.09  38.7111071552473
0.0902  38.6863204690424
0.0904  38.8490396800564
0.0906  39.1540540479827
0.0908  38.6928063520129
0.091  38.6980348609872
0.0912  38.9965440807692
0.0914  39.2756432652517
0.0916  39.0483322706958
0.0918  39.5145155961176
0.092  39.4443205945122
0.0922  39.0963867893359
0.0924  38.9610715368128
0.0926  39.8213635905638
0.0928  39.3756649719665
0.093  39.7529829970374
0.0932  39.2829907532647
0.0934  39.7209960230855
0.0936  39.6317615264592
0.0938  39.5997282663457
0.094  40.1774284590957
0.0942  39.5352512501442
0.0944  39.5895286304796
0.0946  40.2104373997289
0.0948  40.3686026914339
0.095  39.7108730496986
0.0952  40.1994642600708
0.0954  39.8607542000508
0.0956  40.4747857631828
0.0958  40.0391720684737
0.096  40.2691020512236
0.0962  40.4453708906213
0.0964  40.3670479201615
0.0966  40.3386670063389
0.0968  40.9403109190019
0.097  40.6976485498822
0.0972  40.6882964285143
0.0974  40.8119999280575
0.0976  40.6055288496102
0.0978  41.0357109618615
0.098  40.7950604840657
0.0982  41.0579435197725
0.0984  41.2387676184784
0.0986  40.7458123537725
0.0988  40.9593041252803
0.099  41.9527034153292
0.0992  41.2312728638486
0.0994  41.0842501597886
0.0996  41.0246397736353
0.0998  41.6314097940377
0.1  41.5157774134388
0.1002  41.1513979053707
0.1004  41.7227666556431
0.1006  41.6339528757653
0.1008  41.7943657109846
0.101  41.1609678653622
0.1012  41.0355734629255
0.1014  40.5235226715484
0.1016  40.2284051265444
0.1018  38.5007126293438
0.102  37.317848181388
0.1022  35.3720701201326
0.1024  33.8390508331345
0.1026  32.4497349701909
0.1028  29.9021942872032
0.103  25.7173633491751
0.1032  20.8591027510809
0.1034  15.9074377355196
0.1036  10.5794569150423
0.1038  6.12807726669639
0.104  2.00205667822276
0.1042  -0.936954845324978
0.1044  -5.40634838275305
0.1046  -8.71049478424679
0.1048  -11.7499728993802
0.105  -12.2499937185775
0.1052  -11.1560285645659
0.1054  -8.71263872713852
0.1056  -6.38694826766117
0.1058  -3.69884349449004
0.106  -0.500770987637856
0.1062  3.20982888695781
0.1064  5.45086069052189
0.1066  7.07455377654793
0.1068  8.29414465854063
0.107  8.30730576158538
0.1072  8.07512186760807
0.1074  7.43555849741864
0.1076  5.88122082111327
0.1078  4.67705432403267
0.108  2.9001210481498
0.1082  0.731341865609215
0.1084  -1.11600381735017
0.1086  -1.46777377928109
0.1088  -1.94406075075354
0.109  -2.97385161210987
0.1092  -1.725949407561
0.1094  -1.4211336184506
0.1096  -0.69117131282754
0.1098  0.551755630171195
0.11  2.08844650739588
0.1102  2.04162368241214
0.1104  4.00899399807781
0.1106  4.63793116790842
0.1108  3.93257959525684
0.111  3.63698481523916
0.1112  4.09871396103374
0.1114  1.96357894714343
0.1116  1.50871753639282
0.1118  1.66891382343494
0.112  0.390038065867649
0.1122  -1.51037103162781
0.1124  -1.55169337388152
0.1126  -1.3777902069778
0.1128  -1.78591304885975
0.113  -0.88566309288923
0.1132  0.779862698788182
0.1134  0.424515059345905
0.1136  0.649327299772481
0.1138  1.60826747015872
0.114  2.56579493462495
0.1142  2.96184769299732
0.1144  3.75177687776292
0.1146  3.72994780150084
0.1148  3.18005437940936
0.115  2.08990249517035
0.1152  2.19595725707898
0.1154  2.31670266185292
0.1156  1.02552385529412
0.1158  0.60241279207165
0.116  0.427175215399514
0.1162  -0.477561023372096
0.1164  -0.39564254298383
0.1166  0.537645113867113
0.1168  1.2867305660142
0.117  1.03291447894662
0.1172  1.78337443574418
0.1174  2.38165101894408
0.1176  1.98526055419739
0.1178  2.19047366188149
0.118  3.01483043610322
0.1182  2.92271705593309
0.1184  2.19890300337598
0.1186  2.3223165212755
0.1188  2.18312852369631
0.119  1.84713353063655
0.1192  1.38632028960048
0.1194  1.40283486837776
0.1196  1.9301075396082
0.1198  0.9790160296502
0.12  0.977061098413655
0.1202  1.61660068239477
0.1204  1.09642631544264
0.1206  2.11521073723992
0.1208  2.01511687470385
0.121  2.94112550023263
0.1212  2.93698054781722
0.1214  3.31195041468751
0.1216  3.35770223552298
0.1218  2.91035014336411
0.122  3.71199928306327
0.1222  3.13726529426088
0.1224  2.54061460708132
0.1226  2.78681922309582
0.1228  2.18649824504948
0.123  1.8998286179437
0.1232  1.58924099446042
0.1234  1.35303098947458
0.1236  1.56592521009875
0.1238  1.29019869969622
0.124  1.04042790471714
0.1242  1.00993364610799
0.1244  0.978469076348199
0.1246  1.3106281613778
0.1248  1.2975164400997
0.125  0.914743226150419
0.1252  0.234302542144196
0.1254  0.460857966508135
0.1256  0.856156949104892
0.1258  0.403430164253147
0.126  0.411405887935846
0.1262  0.779997214334444
0.1264  0.374659644448872
0.1266  0.775626804230018
0.1268  0.562282599541865
0.127  0.747671102456215
0.1272  1.04795801890887
0.1274  0.415940032926011
0.1276  1.02000867528563
0.1278  0.995466818829949
0.128  0.63842171482561
0.1282  0.901148971636429
0.1284  0.176042581314724
0.1286  0.220726303272574
0.1288  0.564173393368882
0.129  1.10898485543472
0.1292  0.566703944840389
0.1294  0.0344069779048652
0.1296  0.929337757364103
0.1298  0.664822706119854
0.13  0.880594310921418
0.1302  1.22868678309714
0.1304  1.50822062963853
0.1306  1.16471030854455
0.1308  1.60946059841164
0.131  1.32329225047623
0.1312  1.52188951124949
0.1314  1.12724456073753
0.1316  0.982297082662387
0.1318  1.25307390437647
0.132  1.14280767218744
0.1322  0.765059570429853
0.1324  0.348681644763214
0.1326  0.544173086572881
0.1328  0.815752887530818
0.133  0.397836828325394
0.1332  0.370631581411388
0.1334  1.28748277629275
0.1336  1.0908470611475
0.1338  1.36455875326934
0.134  1.30487832021365
0.1342  1.50284346716421
0.1344  1.75725021989935
0.1346  2.01360153073025
0.1348  1.99110128337976
0.135  1.6375676758013
0.1352  2.13853145429205
0.1354  1.97250600150874
0.1356  1.29194560411943
0.1358  1.08144853519958
0.136  1.66157087662475
0.1362  0.698574607974189
0.1364  0.219635391100575
0.1366  0.82636026910983
0.1368  1.33693745666996
0.137  1.0492436664224
0.1372  1.19530679815165
0.1374  1.67025886991523
0.1376  1.26052900488613
0.1378  2.28364399768246
0.138  2.84992455618923
0.1382  2.82657170004755
0.1384  2.73716191947029
0.1386  2.90221107188684
0.1388  2.31975232395169
0.139  2.2138585605219
0.1392  2.52838370237936
0.1394  2.22385446894876
0.1396  1.61770441291891
0.1398  1.2039834901063
0.14  0.848663489207826
0.1402  0.926997074560793
0.1404  0.805348719777397
0.1406  1.02593194236719
0.1408  1.6085113281151
0.141  1.30126496887082
0.1412  2.01623540998153
0.1414  2.01179646413181
0.1416  2.29681843437699
0.1418  2.29248199466459
0.142  3.15840694714487
0.1422  3.78474399008616
0.1424  3.07883306092384
0.1426  3.55143158547931
0.1428  3.20335506439875
0.143  2.59792002088718
0.1432  2.39951091625723
0.1434  2.37317494750673
0.1436  1.90567302113531
0.1438  1.89724181659269
0.144  1.82115688623432
0.1442  1.37064325876379
0.1444  0.994986627188355
0.1446  1.36562956287837
0.1448  2.17758913595976
0.145  2.34316058078627
0.1452  2.35389769766965
0.1454  3.22605357876934
0.1456  3.16561072364852
0.1458  2.94979310102746
0.146  3.7628744305784
0.1462  4.33816386356911
0.1464  4.06548373949108
0.1466  3.65525790962764
0.1468  3.26534556704301
0.147  2.63429354042452
0.1472  2.41931834365448
0.1474  3.01606787409694
0.1476  2.77843626978998
0.1478  1.80751945490232
0.148  1.38815487732146
0.1482  1.74016010487053
0.1484  1.64192721180022
0.1486  1.74318145214308
0.1488  1.93950650248127
0.149  3.05616620312148
0.1492  2.63793028663713
0.1494  3.18428984698294
0.1496  3.93482868164927
0.1498  4.20797911420843
0.15  4.10390287875026
0.1502  4.42664842297187
0.1504  4.3958913254262
0.1506  4.26381471770022
0.1508  3.72162237924558
0.151  3.89581902940963
0.1512  3.10639276866966
0.1514  2.45761938500168
0.1516  2.78216552028829
0.1518  2.35129531010871
0.152  1.93803939890634
0.1522  1.93801336753785
0.1524  2.47285076511873
0.1526  2.29103712934191
0.1528  2.40702113773226
0.153  3.14646477068844
0.1532  3.33935556561253
0.1534  3.68258347208057
0.1536  4.35632681600006
0.1538  4.23076768221498
0.154  4.63777943938548
0.1542  4.72934933096211
0.1544  4.19517689626586
0.1546  4.18110071754035
0.1548  3.96534095370801
0.155  4.01519920663358
0.1552  3.4373517415604
0.1554  2.94605851289618
0.1556  2.94828270079309
0.1558  2.68719236925025
0.156  2.40860236264996
0.1562  2.77169329102829
0.1564  2.93271903823914
0.1566  2.61721792425307
0.1568  2.65406946113414
0.157  4.02304608581867
0.1572  4.09147148182003
0.1574  3.80257230770245
0.1576  4.62698861641431
0.1578  5.16283479415166
0.158  4.89712785785582
0.1582  4.74777280855925
0.1584  5.35539518899746
0.1586  4.05831153317241
0.1588  3.75091079387639
0.159  3.40831523237854
0.1592  2.51388320227578
0.1594  1.01362023342823
0.1596  1.26428117788449
0.1598  0.395255809271244
0.16  -0.153455621712699
