Automatically generated mesh
     897
Reciprocal lattice
    0.00000000000000    0.00000000000000    0.00000000000000             1
    0.03125000000000    0.00000000000000    0.00000000000000             8
    0.06250000000000    0.00000000000000    0.00000000000000             8
    0.09375000000000    0.00000000000000    0.00000000000000             8
    0.12500000000000    0.00000000000000    0.00000000000000             8
    0.15625000000000    0.00000000000000    0.00000000000000             8
    0.18750000000000    0.00000000000000    0.00000000000000             8
    0.21875000000000    0.00000000000000    0.00000000000000             8
    0.25000000000000    0.00000000000000    0.00000000000000             8
    0.28125000000000    0.00000000000000    0.00000000000000             8
    0.31250000000000    0.00000000000000    0.00000000000000             8
    0.34375000000000    0.00000000000000    0.00000000000000             8
    0.37500000000000    0.00000000000000    0.00000000000000             8
    0.40625000000000    0.00000000000000    0.00000000000000             8
    0.43750000000000    0.00000000000000    0.00000000000000             8
    0.46875000000000    0.00000000000000    0.00000000000000             8
    0.50000000000000    0.00000000000000    0.00000000000000             4
    0.03125000000000    0.03125000000000    0.00000000000000             6
    0.06250000000000    0.03125000000000    0.00000000000000            24
    0.09375000000000    0.03125000000000    0.00000000000000            24
    0.12500000000000    0.03125000000000    0.00000000000000            24
    0.15625000000000    0.03125000000000    0.00000000000000            24
    0.18750000000000    0.03125000000000    0.00000000000000            24
    0.21875000000000    0.03125000000000    0.00000000000000            24
    0.25000000000000    0.03125000000000    0.00000000000000            24
    0.28125000000000    0.03125000000000    0.00000000000000            24
    0.31250000000000    0.03125000000000    0.00000000000000            24
    0.34375000000000    0.03125000000000    0.00000000000000            24
    0.37500000000000    0.03125000000000    0.00000000000000            24
    0.40625000000000    0.03125000000000    0.00000000000000            24
    0.43750000000000    0.03125000000000    0.00000000000000            24
    0.46875000000000    0.03125000000000    0.00000000000000            24
    0.50000000000000    0.03125000000000    0.00000000000000            24
   -0.46875000000000    0.03125000000000    0.00000000000000            24
   -0.43750000000000    0.03125000000000    0.00000000000000            24
   -0.40625000000000    0.03125000000000    0.00000000000000            24
   -0.37500000000000    0.03125000000000    0.00000000000000            24
   -0.34375000000000    0.03125000000000    0.00000000000000            24
   -0.31250000000000    0.03125000000000    0.00000000000000            24
   -0.28125000000000    0.03125000000000    0.00000000000000            24
   -0.25000000000000    0.03125000000000    0.00000000000000            24
   -0.21875000000000    0.03125000000000    0.00000000000000            24
   -0.18750000000000    0.03125000000000    0.00000000000000            24
   -0.15625000000000    0.03125000000000    0.00000000000000            24
   -0.12500000000000    0.03125000000000    0.00000000000000            24
   -0.09375000000000    0.03125000000000    0.00000000000000            24
   -0.06250000000000    0.03125000000000    0.00000000000000            24
   -0.03125000000000    0.03125000000000    0.00000000000000            12
    0.06250000000000    0.06250000000000    0.00000000000000             6
    0.09375000000000    0.06250000000000    0.00000000000000            24
    0.12500000000000    0.06250000000000    0.00000000000000            24
    0.15625000000000    0.06250000000000    0.00000000000000            24
    0.18750000000000    0.06250000000000    0.00000000000000            24
    0.21875000000000    0.06250000000000    0.00000000000000            24
    0.25000000000000    0.06250000000000    0.00000000000000            24
    0.28125000000000    0.06250000000000    0.00000000000000            24
    0.31250000000000    0.06250000000000    0.00000000000000            24
    0.34375000000000    0.06250000000000    0.00000000000000            24
    0.37500000000000    0.06250000000000    0.00000000000000            24
    0.40625000000000    0.06250000000000    0.00000000000000            24
    0.43750000000000    0.06250000000000    0.00000000000000            24
    0.46875000000000    0.06250000000000    0.00000000000000            24
    0.50000000000000    0.06250000000000    0.00000000000000            24
   -0.46875000000000    0.06250000000000    0.00000000000000            24
   -0.43750000000000    0.06250000000000    0.00000000000000            24
   -0.40625000000000    0.06250000000000    0.00000000000000            24
   -0.37500000000000    0.06250000000000    0.00000000000000            24
   -0.34375000000000    0.06250000000000    0.00000000000000            24
   -0.31250000000000    0.06250000000000    0.00000000000000            24
   -0.28125000000000    0.06250000000000    0.00000000000000            24
   -0.25000000000000    0.06250000000000    0.00000000000000            24
   -0.21875000000000    0.06250000000000    0.00000000000000            24
   -0.18750000000000    0.06250000000000    0.00000000000000            24
   -0.15625000000000    0.06250000000000    0.00000000000000            24
   -0.12500000000000    0.06250000000000    0.00000000000000            24
   -0.09375000000000    0.06250000000000    0.00000000000000            24
   -0.06250000000000    0.06250000000000    0.00000000000000            12
    0.09375000000000    0.09375000000000    0.00000000000000             6
    0.12500000000000    0.09375000000000    0.00000000000000            24
    0.15625000000000    0.09375000000000    0.00000000000000            24
    0.18750000000000    0.09375000000000    0.00000000000000            24
    0.21875000000000    0.09375000000000    0.00000000000000            24
    0.25000000000000    0.09375000000000    0.00000000000000            24
    0.28125000000000    0.09375000000000    0.00000000000000            24
    0.31250000000000    0.09375000000000    0.00000000000000            24
    0.34375000000000    0.09375000000000    0.00000000000000            24
    0.37500000000000    0.09375000000000    0.00000000000000            24
    0.40625000000000    0.09375000000000    0.00000000000000            24
    0.43750000000000    0.09375000000000    0.00000000000000            24
    0.46875000000000    0.09375000000000    0.00000000000000            24
    0.50000000000000    0.09375000000000    0.00000000000000            24
   -0.46875000000000    0.09375000000000    0.00000000000000            24
   -0.43750000000000    0.09375000000000    0.00000000000000            24
   -0.40625000000000    0.09375000000000    0.00000000000000            24
   -0.37500000000000    0.09375000000000    0.00000000000000            24
   -0.34375000000000    0.09375000000000    0.00000000000000            24
   -0.31250000000000    0.09375000000000    0.00000000000000            24
   -0.28125000000000    0.09375000000000    0.00000000000000            24
   -0.25000000000000    0.09375000000000    0.00000000000000            24
   -0.21875000000000    0.09375000000000    0.00000000000000            24
   -0.18750000000000    0.09375000000000    0.00000000000000            24
   -0.15625000000000    0.09375000000000    0.00000000000000            24
   -0.12500000000000    0.09375000000000    0.00000000000000            24
   -0.09375000000000    0.09375000000000    0.00000000000000            12
    0.12500000000000    0.12500000000000    0.00000000000000             6
    0.15625000000000    0.12500000000000    0.00000000000000            24
    0.18750000000000    0.12500000000000    0.00000000000000            24
    0.21875000000000    0.12500000000000    0.00000000000000            24
    0.25000000000000    0.12500000000000    0.00000000000000            24
    0.28125000000000    0.12500000000000    0.00000000000000            24
    0.31250000000000    0.12500000000000    0.00000000000000            24
    0.34375000000000    0.12500000000000    0.00000000000000            24
    0.37500000000000    0.12500000000000    0.00000000000000            24
    0.40625000000000    0.12500000000000    0.00000000000000            24
    0.43750000000000    0.12500000000000    0.00000000000000            24
    0.46875000000000    0.12500000000000    0.00000000000000            24
    0.50000000000000    0.12500000000000    0.00000000000000            24
   -0.46875000000000    0.12500000000000    0.00000000000000            24
   -0.43750000000000    0.12500000000000    0.00000000000000            24
   -0.40625000000000    0.12500000000000    0.00000000000000            24
   -0.37500000000000    0.12500000000000    0.00000000000000            24
   -0.34375000000000    0.12500000000000    0.00000000000000            24
   -0.31250000000000    0.12500000000000    0.00000000000000            24
   -0.28125000000000    0.12500000000000    0.00000000000000            24
   -0.25000000000000    0.12500000000000    0.00000000000000            24
   -0.21875000000000    0.12500000000000    0.00000000000000            24
   -0.18750000000000    0.12500000000000    0.00000000000000            24
   -0.15625000000000    0.12500000000000    0.00000000000000            24
   -0.12500000000000    0.12500000000000    0.00000000000000            12
    0.15625000000000    0.15625000000000    0.00000000000000             6
    0.18750000000000    0.15625000000000    0.00000000000000            24
    0.21875000000000    0.15625000000000    0.00000000000000            24
    0.25000000000000    0.15625000000000    0.00000000000000            24
    0.28125000000000    0.15625000000000    0.00000000000000            24
    0.31250000000000    0.15625000000000    0.00000000000000            24
    0.34375000000000    0.15625000000000    0.00000000000000            24
    0.37500000000000    0.15625000000000    0.00000000000000            24
    0.40625000000000    0.15625000000000    0.00000000000000            24
    0.43750000000000    0.15625000000000    0.00000000000000            24
    0.46875000000000    0.15625000000000    0.00000000000000            24
    0.50000000000000    0.15625000000000    0.00000000000000            24
   -0.46875000000000    0.15625000000000    0.00000000000000            24
   -0.43750000000000    0.15625000000000    0.00000000000000            24
   -0.40625000000000    0.15625000000000    0.00000000000000            24
   -0.37500000000000    0.15625000000000    0.00000000000000            24
   -0.34375000000000    0.15625000000000    0.00000000000000            24
   -0.31250000000000    0.15625000000000    0.00000000000000            24
   -0.28125000000000    0.15625000000000    0.00000000000000            24
   -0.25000000000000    0.15625000000000    0.00000000000000            24
   -0.21875000000000    0.15625000000000    0.00000000000000            24
   -0.18750000000000    0.15625000000000    0.00000000000000            24
   -0.15625000000000    0.15625000000000    0.00000000000000            12
    0.18750000000000    0.18750000000000    0.00000000000000             6
    0.21875000000000    0.18750000000000    0.00000000000000            24
    0.25000000000000    0.18750000000000    0.00000000000000            24
    0.28125000000000    0.18750000000000    0.00000000000000            24
    0.31250000000000    0.18750000000000    0.00000000000000            24
    0.34375000000000    0.18750000000000    0.00000000000000            24
    0.37500000000000    0.18750000000000    0.00000000000000            24
    0.40625000000000    0.18750000000000    0.00000000000000            24
    0.43750000000000    0.18750000000000    0.00000000000000            24
    0.46875000000000    0.18750000000000    0.00000000000000            24
    0.50000000000000    0.18750000000000    0.00000000000000            24
   -0.46875000000000    0.18750000000000    0.00000000000000            24
   -0.43750000000000    0.18750000000000    0.00000000000000            24
   -0.40625000000000    0.18750000000000    0.00000000000000            24
   -0.37500000000000    0.18750000000000    0.00000000000000            24
   -0.34375000000000    0.18750000000000    0.00000000000000            24
   -0.31250000000000    0.18750000000000    0.00000000000000            24
   -0.28125000000000    0.18750000000000    0.00000000000000            24
   -0.25000000000000    0.18750000000000    0.00000000000000            24
   -0.21875000000000    0.18750000000000    0.00000000000000            24
   -0.18750000000000    0.18750000000000    0.00000000000000            12
    0.21875000000000    0.21875000000000    0.00000000000000             6
    0.25000000000000    0.21875000000000    0.00000000000000            24
    0.28125000000000    0.21875000000000    0.00000000000000            24
    0.31250000000000    0.21875000000000    0.00000000000000            24
    0.34375000000000    0.21875000000000    0.00000000000000            24
    0.37500000000000    0.21875000000000    0.00000000000000            24
    0.40625000000000    0.21875000000000    0.00000000000000            24
    0.43750000000000    0.21875000000000    0.00000000000000            24
    0.46875000000000    0.21875000000000    0.00000000000000            24
    0.50000000000000    0.21875000000000    0.00000000000000            24
   -0.46875000000000    0.21875000000000    0.00000000000000            24
   -0.43750000000000    0.21875000000000    0.00000000000000            24
   -0.40625000000000    0.21875000000000    0.00000000000000            24
   -0.37500000000000    0.21875000000000    0.00000000000000            24
   -0.34375000000000    0.21875000000000    0.00000000000000            24
   -0.31250000000000    0.21875000000000    0.00000000000000            24
   -0.28125000000000    0.21875000000000    0.00000000000000            24
   -0.25000000000000    0.21875000000000    0.00000000000000            24
   -0.21875000000000    0.21875000000000    0.00000000000000            12
    0.25000000000000    0.25000000000000    0.00000000000000             6
    0.28125000000000    0.25000000000000    0.00000000000000            24
    0.31250000000000    0.25000000000000    0.00000000000000            24
    0.34375000000000    0.25000000000000    0.00000000000000            24
    0.37500000000000    0.25000000000000    0.00000000000000            24
    0.40625000000000    0.25000000000000    0.00000000000000            24
    0.43750000000000    0.25000000000000    0.00000000000000            24
    0.46875000000000    0.25000000000000    0.00000000000000            24
    0.50000000000000    0.25000000000000    0.00000000000000            24
   -0.46875000000000    0.25000000000000    0.00000000000000            24
   -0.43750000000000    0.25000000000000    0.00000000000000            24
   -0.40625000000000    0.25000000000000    0.00000000000000            24
   -0.37500000000000    0.25000000000000    0.00000000000000            24
   -0.34375000000000    0.25000000000000    0.00000000000000            24
   -0.31250000000000    0.25000000000000    0.00000000000000            24
   -0.28125000000000    0.25000000000000    0.00000000000000            24
   -0.25000000000000    0.25000000000000    0.00000000000000            12
    0.28125000000000    0.28125000000000    0.00000000000000             6
    0.31250000000000    0.28125000000000    0.00000000000000            24
    0.34375000000000    0.28125000000000    0.00000000000000            24
    0.37500000000000    0.28125000000000    0.00000000000000            24
    0.40625000000000    0.28125000000000    0.00000000000000            24
    0.43750000000000    0.28125000000000    0.00000000000000            24
    0.46875000000000    0.28125000000000    0.00000000000000            24
    0.50000000000000    0.28125000000000    0.00000000000000            24
   -0.46875000000000    0.28125000000000    0.00000000000000            24
   -0.43750000000000    0.28125000000000    0.00000000000000            24
   -0.40625000000000    0.28125000000000    0.00000000000000            24
   -0.37500000000000    0.28125000000000    0.00000000000000            24
   -0.34375000000000    0.28125000000000    0.00000000000000            24
   -0.31250000000000    0.28125000000000    0.00000000000000            24
   -0.28125000000000    0.28125000000000    0.00000000000000            12
    0.31250000000000    0.31250000000000    0.00000000000000             6
    0.34375000000000    0.31250000000000    0.00000000000000            24
    0.37500000000000    0.31250000000000    0.00000000000000            24
    0.40625000000000    0.31250000000000    0.00000000000000            24
    0.43750000000000    0.31250000000000    0.00000000000000            24
    0.46875000000000    0.31250000000000    0.00000000000000            24
    0.50000000000000    0.31250000000000    0.00000000000000            24
   -0.46875000000000    0.31250000000000    0.00000000000000            24
   -0.43750000000000    0.31250000000000    0.00000000000000            24
   -0.40625000000000    0.31250000000000    0.00000000000000            24
   -0.37500000000000    0.31250000000000    0.00000000000000            24
   -0.34375000000000    0.31250000000000    0.00000000000000            24
   -0.31250000000000    0.31250000000000    0.00000000000000            12
    0.34375000000000    0.34375000000000    0.00000000000000             6
    0.37500000000000    0.34375000000000    0.00000000000000            24
    0.40625000000000    0.34375000000000    0.00000000000000            24
    0.43750000000000    0.34375000000000    0.00000000000000            24
    0.46875000000000    0.34375000000000    0.00000000000000            24
    0.50000000000000    0.34375000000000    0.00000000000000            24
   -0.46875000000000    0.34375000000000    0.00000000000000            24
   -0.43750000000000    0.34375000000000    0.00000000000000            24
   -0.40625000000000    0.34375000000000    0.00000000000000            24
   -0.37500000000000    0.34375000000000    0.00000000000000            24
   -0.34375000000000    0.34375000000000    0.00000000000000            12
    0.37500000000000    0.37500000000000    0.00000000000000             6
    0.40625000000000    0.37500000000000    0.00000000000000            24
    0.43750000000000    0.37500000000000    0.00000000000000            24
    0.46875000000000    0.37500000000000    0.00000000000000            24
    0.50000000000000    0.37500000000000    0.00000000000000            24
   -0.46875000000000    0.37500000000000    0.00000000000000            24
   -0.43750000000000    0.37500000000000    0.00000000000000            24
   -0.40625000000000    0.37500000000000    0.00000000000000            24
   -0.37500000000000    0.37500000000000    0.00000000000000            12
    0.40625000000000    0.40625000000000    0.00000000000000             6
    0.43750000000000    0.40625000000000    0.00000000000000            24
    0.46875000000000    0.40625000000000    0.00000000000000            24
    0.50000000000000    0.40625000000000    0.00000000000000            24
   -0.46875000000000    0.40625000000000    0.00000000000000            24
   -0.43750000000000    0.40625000000000    0.00000000000000            24
   -0.40625000000000    0.40625000000000    0.00000000000000            12
    0.43750000000000    0.43750000000000    0.00000000000000             6
    0.46875000000000    0.43750000000000    0.00000000000000            24
    0.50000000000000    0.43750000000000    0.00000000000000            24
   -0.46875000000000    0.43750000000000    0.00000000000000            24
   -0.43750000000000    0.43750000000000    0.00000000000000            12
    0.46875000000000    0.46875000000000    0.00000000000000             6
    0.50000000000000    0.46875000000000    0.00000000000000            24
   -0.46875000000000    0.46875000000000    0.00000000000000            12
    0.50000000000000    0.50000000000000    0.00000000000000             3
    0.09375000000000    0.06250000000000    0.03125000000000            24
    0.12500000000000    0.06250000000000    0.03125000000000            48
    0.15625000000000    0.06250000000000    0.03125000000000            48
    0.18750000000000    0.06250000000000    0.03125000000000            48
    0.21875000000000    0.06250000000000    0.03125000000000            48
    0.25000000000000    0.06250000000000    0.03125000000000            48
    0.28125000000000    0.06250000000000    0.03125000000000            48
    0.31250000000000    0.06250000000000    0.03125000000000            48
    0.34375000000000    0.06250000000000    0.03125000000000            48
    0.37500000000000    0.06250000000000    0.03125000000000            48
    0.40625000000000    0.06250000000000    0.03125000000000            48
    0.43750000000000    0.06250000000000    0.03125000000000            48
    0.46875000000000    0.06250000000000    0.03125000000000            48
    0.50000000000000    0.06250000000000    0.03125000000000            48
   -0.46875000000000    0.06250000000000    0.03125000000000            24
    0.12500000000000    0.09375000000000    0.03125000000000            24
    0.15625000000000    0.09375000000000    0.03125000000000            48
    0.18750000000000    0.09375000000000    0.03125000000000            48
    0.21875000000000    0.09375000000000    0.03125000000000            48
    0.25000000000000    0.09375000000000    0.03125000000000            48
    0.28125000000000    0.09375000000000    0.03125000000000            48
    0.31250000000000    0.09375000000000    0.03125000000000            48
    0.34375000000000    0.09375000000000    0.03125000000000            48
    0.37500000000000    0.09375000000000    0.03125000000000            48
    0.40625000000000    0.09375000000000    0.03125000000000            48
    0.43750000000000    0.09375000000000    0.03125000000000            48
    0.46875000000000    0.09375000000000    0.03125000000000            48
    0.50000000000000    0.09375000000000    0.03125000000000            48
   -0.46875000000000    0.09375000000000    0.03125000000000            48
   -0.43750000000000    0.09375000000000    0.03125000000000            48
   -0.40625000000000    0.09375000000000    0.03125000000000            48
   -0.37500000000000    0.09375000000000    0.03125000000000            48
   -0.34375000000000    0.09375000000000    0.03125000000000            48
   -0.31250000000000    0.09375000000000    0.03125000000000            48
   -0.28125000000000    0.09375000000000    0.03125000000000            48
   -0.25000000000000    0.09375000000000    0.03125000000000            48
   -0.21875000000000    0.09375000000000    0.03125000000000            48
   -0.18750000000000    0.09375000000000    0.03125000000000            48
   -0.15625000000000    0.09375000000000    0.03125000000000            48
   -0.12500000000000    0.09375000000000    0.03125000000000            48
   -0.09375000000000    0.09375000000000    0.03125000000000            48
   -0.06250000000000    0.09375000000000    0.03125000000000            24
    0.15625000000000    0.12500000000000    0.03125000000000            24
    0.18750000000000    0.12500000000000    0.03125000000000            48
    0.21875000000000    0.12500000000000    0.03125000000000            48
    0.25000000000000    0.12500000000000    0.03125000000000            48
    0.28125000000000    0.12500000000000    0.03125000000000            48
    0.31250000000000    0.12500000000000    0.03125000000000            48
    0.34375000000000    0.12500000000000    0.03125000000000            48
    0.37500000000000    0.12500000000000    0.03125000000000            48
    0.40625000000000    0.12500000000000    0.03125000000000            48
    0.43750000000000    0.12500000000000    0.03125000000000            48
    0.46875000000000    0.12500000000000    0.03125000000000            48
    0.50000000000000    0.12500000000000    0.03125000000000            48
   -0.46875000000000    0.12500000000000    0.03125000000000            48
   -0.43750000000000    0.12500000000000    0.03125000000000            48
   -0.40625000000000    0.12500000000000    0.03125000000000            48
   -0.37500000000000    0.12500000000000    0.03125000000000            48
   -0.34375000000000    0.12500000000000    0.03125000000000            48
   -0.31250000000000    0.12500000000000    0.03125000000000            48
   -0.28125000000000    0.12500000000000    0.03125000000000            48
   -0.25000000000000    0.12500000000000    0.03125000000000            48
   -0.21875000000000    0.12500000000000    0.03125000000000            48
   -0.18750000000000    0.12500000000000    0.03125000000000            48
   -0.15625000000000    0.12500000000000    0.03125000000000            48
   -0.12500000000000    0.12500000000000    0.03125000000000            48
   -0.09375000000000    0.12500000000000    0.03125000000000            24
    0.18750000000000    0.15625000000000    0.03125000000000            24
    0.21875000000000    0.15625000000000    0.03125000000000            48
    0.25000000000000    0.15625000000000    0.03125000000000            48
    0.28125000000000    0.15625000000000    0.03125000000000            48
    0.31250000000000    0.15625000000000    0.03125000000000            48
    0.34375000000000    0.15625000000000    0.03125000000000            48
    0.37500000000000    0.15625000000000    0.03125000000000            48
    0.40625000000000    0.15625000000000    0.03125000000000            48
    0.43750000000000    0.15625000000000    0.03125000000000            48
    0.46875000000000    0.15625000000000    0.03125000000000            48
    0.50000000000000    0.15625000000000    0.03125000000000            48
   -0.46875000000000    0.15625000000000    0.03125000000000            48
   -0.43750000000000    0.15625000000000    0.03125000000000            48
   -0.40625000000000    0.15625000000000    0.03125000000000            48
   -0.37500000000000    0.15625000000000    0.03125000000000            48
   -0.34375000000000    0.15625000000000    0.03125000000000            48
   -0.31250000000000    0.15625000000000    0.03125000000000            48
   -0.28125000000000    0.15625000000000    0.03125000000000            48
   -0.25000000000000    0.15625000000000    0.03125000000000            48
   -0.21875000000000    0.15625000000000    0.03125000000000            48
   -0.18750000000000    0.15625000000000    0.03125000000000            48
   -0.15625000000000    0.15625000000000    0.03125000000000            48
   -0.12500000000000    0.15625000000000    0.03125000000000            24
    0.21875000000000    0.18750000000000    0.03125000000000            24
    0.25000000000000    0.18750000000000    0.03125000000000            48
    0.28125000000000    0.18750000000000    0.03125000000000            48
    0.31250000000000    0.18750000000000    0.03125000000000            48
    0.34375000000000    0.18750000000000    0.03125000000000            48
    0.37500000000000    0.18750000000000    0.03125000000000            48
    0.40625000000000    0.18750000000000    0.03125000000000            48
    0.43750000000000    0.18750000000000    0.03125000000000            48
    0.46875000000000    0.18750000000000    0.03125000000000            48
    0.50000000000000    0.18750000000000    0.03125000000000            48
   -0.46875000000000    0.18750000000000    0.03125000000000            48
   -0.43750000000000    0.18750000000000    0.03125000000000            48
   -0.40625000000000    0.18750000000000    0.03125000000000            48
   -0.37500000000000    0.18750000000000    0.03125000000000            48
   -0.34375000000000    0.18750000000000    0.03125000000000            48
   -0.31250000000000    0.18750000000000    0.03125000000000            48
   -0.28125000000000    0.18750000000000    0.03125000000000            48
   -0.25000000000000    0.18750000000000    0.03125000000000            48
   -0.21875000000000    0.18750000000000    0.03125000000000            48
   -0.18750000000000    0.18750000000000    0.03125000000000            48
   -0.15625000000000    0.18750000000000    0.03125000000000            24
    0.25000000000000    0.21875000000000    0.03125000000000            24
    0.28125000000000    0.21875000000000    0.03125000000000            48
    0.31250000000000    0.21875000000000    0.03125000000000            48
    0.34375000000000    0.21875000000000    0.03125000000000            48
    0.37500000000000    0.21875000000000    0.03125000000000            48
    0.40625000000000    0.21875000000000    0.03125000000000            48
    0.43750000000000    0.21875000000000    0.03125000000000            48
    0.46875000000000    0.21875000000000    0.03125000000000            48
    0.50000000000000    0.21875000000000    0.03125000000000            48
   -0.46875000000000    0.21875000000000    0.03125000000000            48
   -0.43750000000000    0.21875000000000    0.03125000000000            48
   -0.40625000000000    0.21875000000000    0.03125000000000            48
   -0.37500000000000    0.21875000000000    0.03125000000000            48
   -0.34375000000000    0.21875000000000    0.03125000000000            48
   -0.31250000000000    0.21875000000000    0.03125000000000            48
   -0.28125000000000    0.21875000000000    0.03125000000000            48
   -0.25000000000000    0.21875000000000    0.03125000000000            48
   -0.21875000000000    0.21875000000000    0.03125000000000            48
   -0.18750000000000    0.21875000000000    0.03125000000000            24
    0.28125000000000    0.25000000000000    0.03125000000000            24
    0.31250000000000    0.25000000000000    0.03125000000000            48
    0.34375000000000    0.25000000000000    0.03125000000000            48
    0.37500000000000    0.25000000000000    0.03125000000000            48
    0.40625000000000    0.25000000000000    0.03125000000000            48
    0.43750000000000    0.25000000000000    0.03125000000000            48
    0.46875000000000    0.25000000000000    0.03125000000000            48
    0.50000000000000    0.25000000000000    0.03125000000000            48
   -0.46875000000000    0.25000000000000    0.03125000000000            48
   -0.43750000000000    0.25000000000000    0.03125000000000            48
   -0.40625000000000    0.25000000000000    0.03125000000000            48
   -0.37500000000000    0.25000000000000    0.03125000000000            48
   -0.34375000000000    0.25000000000000    0.03125000000000            48
   -0.31250000000000    0.25000000000000    0.03125000000000            48
   -0.28125000000000    0.25000000000000    0.03125000000000            48
   -0.25000000000000    0.25000000000000    0.03125000000000            48
   -0.21875000000000    0.25000000000000    0.03125000000000            24
    0.31250000000000    0.28125000000000    0.03125000000000            24
    0.34375000000000    0.28125000000000    0.03125000000000            48
    0.37500000000000    0.28125000000000    0.03125000000000            48
    0.40625000000000    0.28125000000000    0.03125000000000            48
    0.43750000000000    0.28125000000000    0.03125000000000            48
    0.46875000000000    0.28125000000000    0.03125000000000            48
    0.50000000000000    0.28125000000000    0.03125000000000            48
   -0.46875000000000    0.28125000000000    0.03125000000000            48
   -0.43750000000000    0.28125000000000    0.03125000000000            48
   -0.40625000000000    0.28125000000000    0.03125000000000            48
   -0.37500000000000    0.28125000000000    0.03125000000000            48
   -0.34375000000000    0.28125000000000    0.03125000000000            48
   -0.31250000000000    0.28125000000000    0.03125000000000            48
   -0.28125000000000    0.28125000000000    0.03125000000000            48
   -0.25000000000000    0.28125000000000    0.03125000000000            24
    0.34375000000000    0.31250000000000    0.03125000000000            24
    0.37500000000000    0.31250000000000    0.03125000000000            48
    0.40625000000000    0.31250000000000    0.03125000000000            48
    0.43750000000000    0.31250000000000    0.03125000000000            48
    0.46875000000000    0.31250000000000    0.03125000000000            48
    0.50000000000000    0.31250000000000    0.03125000000000            48
   -0.46875000000000    0.31250000000000    0.03125000000000            48
   -0.43750000000000    0.31250000000000    0.03125000000000            48
   -0.40625000000000    0.31250000000000    0.03125000000000            48
   -0.37500000000000    0.31250000000000    0.03125000000000            48
   -0.34375000000000    0.31250000000000    0.03125000000000            48
   -0.31250000000000    0.31250000000000    0.03125000000000            48
   -0.28125000000000    0.31250000000000    0.03125000000000            24
    0.37500000000000    0.34375000000000    0.03125000000000            24
    0.40625000000000    0.34375000000000    0.03125000000000            48
    0.43750000000000    0.34375000000000    0.03125000000000            48
    0.46875000000000    0.34375000000000    0.03125000000000            48
    0.50000000000000    0.34375000000000    0.03125000000000            48
   -0.46875000000000    0.34375000000000    0.03125000000000            48
   -0.43750000000000    0.34375000000000    0.03125000000000            48
   -0.40625000000000    0.34375000000000    0.03125000000000            48
   -0.37500000000000    0.34375000000000    0.03125000000000            48
   -0.34375000000000    0.34375000000000    0.03125000000000            48
   -0.31250000000000    0.34375000000000    0.03125000000000            24
    0.40625000000000    0.37500000000000    0.03125000000000            24
    0.43750000000000    0.37500000000000    0.03125000000000            48
    0.46875000000000    0.37500000000000    0.03125000000000            48
    0.50000000000000    0.37500000000000    0.03125000000000            48
   -0.46875000000000    0.37500000000000    0.03125000000000            48
   -0.43750000000000    0.37500000000000    0.03125000000000            48
   -0.40625000000000    0.37500000000000    0.03125000000000            48
   -0.37500000000000    0.37500000000000    0.03125000000000            48
   -0.34375000000000    0.37500000000000    0.03125000000000            24
    0.43750000000000    0.40625000000000    0.03125000000000            24
    0.46875000000000    0.40625000000000    0.03125000000000            48
    0.50000000000000    0.40625000000000    0.03125000000000            48
   -0.46875000000000    0.40625000000000    0.03125000000000            48
   -0.43750000000000    0.40625000000000    0.03125000000000            48
   -0.40625000000000    0.40625000000000    0.03125000000000            48
   -0.37500000000000    0.40625000000000    0.03125000000000            24
    0.46875000000000    0.43750000000000    0.03125000000000            24
    0.50000000000000    0.43750000000000    0.03125000000000            48
   -0.46875000000000    0.43750000000000    0.03125000000000            48
   -0.43750000000000    0.43750000000000    0.03125000000000            48
   -0.40625000000000    0.43750000000000    0.03125000000000            24
    0.50000000000000    0.46875000000000    0.03125000000000            24
   -0.46875000000000    0.46875000000000    0.03125000000000            48
   -0.43750000000000    0.46875000000000    0.03125000000000            24
   -0.46875000000000    0.50000000000000    0.03125000000000            12
    0.18750000000000    0.12500000000000    0.06250000000000            24
    0.21875000000000    0.12500000000000    0.06250000000000            48
    0.25000000000000    0.12500000000000    0.06250000000000            48
    0.28125000000000    0.12500000000000    0.06250000000000            48
    0.31250000000000    0.12500000000000    0.06250000000000            48
    0.34375000000000    0.12500000000000    0.06250000000000            48
    0.37500000000000    0.12500000000000    0.06250000000000            48
    0.40625000000000    0.12500000000000    0.06250000000000            48
    0.43750000000000    0.12500000000000    0.06250000000000            48
    0.46875000000000    0.12500000000000    0.06250000000000            48
    0.50000000000000    0.12500000000000    0.06250000000000            48
   -0.46875000000000    0.12500000000000    0.06250000000000            48
   -0.43750000000000    0.12500000000000    0.06250000000000            24
    0.21875000000000    0.15625000000000    0.06250000000000            24
    0.25000000000000    0.15625000000000    0.06250000000000            48
    0.28125000000000    0.15625000000000    0.06250000000000            48
    0.31250000000000    0.15625000000000    0.06250000000000            48
    0.34375000000000    0.15625000000000    0.06250000000000            48
    0.37500000000000    0.15625000000000    0.06250000000000            48
    0.40625000000000    0.15625000000000    0.06250000000000            48
    0.43750000000000    0.15625000000000    0.06250000000000            48
    0.46875000000000    0.15625000000000    0.06250000000000            48
    0.50000000000000    0.15625000000000    0.06250000000000            48
   -0.46875000000000    0.15625000000000    0.06250000000000            48
   -0.43750000000000    0.15625000000000    0.06250000000000            48
   -0.40625000000000    0.15625000000000    0.06250000000000            48
   -0.37500000000000    0.15625000000000    0.06250000000000            48
   -0.34375000000000    0.15625000000000    0.06250000000000            48
   -0.31250000000000    0.15625000000000    0.06250000000000            48
   -0.28125000000000    0.15625000000000    0.06250000000000            48
   -0.25000000000000    0.15625000000000    0.06250000000000            48
   -0.21875000000000    0.15625000000000    0.06250000000000            48
   -0.18750000000000    0.15625000000000    0.06250000000000            48
   -0.15625000000000    0.15625000000000    0.06250000000000            48
   -0.12500000000000    0.15625000000000    0.06250000000000            48
   -0.09375000000000    0.15625000000000    0.06250000000000            24
    0.25000000000000    0.18750000000000    0.06250000000000            24
    0.28125000000000    0.18750000000000    0.06250000000000            48
    0.31250000000000    0.18750000000000    0.06250000000000            48
    0.34375000000000    0.18750000000000    0.06250000000000            48
    0.37500000000000    0.18750000000000    0.06250000000000            48
    0.40625000000000    0.18750000000000    0.06250000000000            48
    0.43750000000000    0.18750000000000    0.06250000000000            48
    0.46875000000000    0.18750000000000    0.06250000000000            48
    0.50000000000000    0.18750000000000    0.06250000000000            48
   -0.46875000000000    0.18750000000000    0.06250000000000            48
   -0.43750000000000    0.18750000000000    0.06250000000000            48
   -0.40625000000000    0.18750000000000    0.06250000000000            48
   -0.37500000000000    0.18750000000000    0.06250000000000            48
   -0.34375000000000    0.18750000000000    0.06250000000000            48
   -0.31250000000000    0.18750000000000    0.06250000000000            48
   -0.28125000000000    0.18750000000000    0.06250000000000            48
   -0.25000000000000    0.18750000000000    0.06250000000000            48
   -0.21875000000000    0.18750000000000    0.06250000000000            48
   -0.18750000000000    0.18750000000000    0.06250000000000            48
   -0.15625000000000    0.18750000000000    0.06250000000000            48
   -0.12500000000000    0.18750000000000    0.06250000000000            24
    0.28125000000000    0.21875000000000    0.06250000000000            24
    0.31250000000000    0.21875000000000    0.06250000000000            48
    0.34375000000000    0.21875000000000    0.06250000000000            48
    0.37500000000000    0.21875000000000    0.06250000000000            48
    0.40625000000000    0.21875000000000    0.06250000000000            48
    0.43750000000000    0.21875000000000    0.06250000000000            48
    0.46875000000000    0.21875000000000    0.06250000000000            48
    0.50000000000000    0.21875000000000    0.06250000000000            48
   -0.46875000000000    0.21875000000000    0.06250000000000            48
   -0.43750000000000    0.21875000000000    0.06250000000000            48
   -0.40625000000000    0.21875000000000    0.06250000000000            48
   -0.37500000000000    0.21875000000000    0.06250000000000            48
   -0.34375000000000    0.21875000000000    0.06250000000000            48
   -0.31250000000000    0.21875000000000    0.06250000000000            48
   -0.28125000000000    0.21875000000000    0.06250000000000            48
   -0.25000000000000    0.21875000000000    0.06250000000000            48
   -0.21875000000000    0.21875000000000    0.06250000000000            48
   -0.18750000000000    0.21875000000000    0.06250000000000            48
   -0.15625000000000    0.21875000000000    0.06250000000000            24
    0.31250000000000    0.25000000000000    0.06250000000000            24
    0.34375000000000    0.25000000000000    0.06250000000000            48
    0.37500000000000    0.25000000000000    0.06250000000000            48
    0.40625000000000    0.25000000000000    0.06250000000000            48
    0.43750000000000    0.25000000000000    0.06250000000000            48
    0.46875000000000    0.25000000000000    0.06250000000000            48
    0.50000000000000    0.25000000000000    0.06250000000000            48
   -0.46875000000000    0.25000000000000    0.06250000000000            48
   -0.43750000000000    0.25000000000000    0.06250000000000            48
   -0.40625000000000    0.25000000000000    0.06250000000000            48
   -0.37500000000000    0.25000000000000    0.06250000000000            48
   -0.34375000000000    0.25000000000000    0.06250000000000            48
   -0.31250000000000    0.25000000000000    0.06250000000000            48
   -0.28125000000000    0.25000000000000    0.06250000000000            48
   -0.25000000000000    0.25000000000000    0.06250000000000            48
   -0.21875000000000    0.25000000000000    0.06250000000000            48
   -0.18750000000000    0.25000000000000    0.06250000000000            24
    0.34375000000000    0.28125000000000    0.06250000000000            24
    0.37500000000000    0.28125000000000    0.06250000000000            48
    0.40625000000000    0.28125000000000    0.06250000000000            48
    0.43750000000000    0.28125000000000    0.06250000000000            48
    0.46875000000000    0.28125000000000    0.06250000000000            48
    0.50000000000000    0.28125000000000    0.06250000000000            48
   -0.46875000000000    0.28125000000000    0.06250000000000            48
   -0.43750000000000    0.28125000000000    0.06250000000000            48
   -0.40625000000000    0.28125000000000    0.06250000000000            48
   -0.37500000000000    0.28125000000000    0.06250000000000            48
   -0.34375000000000    0.28125000000000    0.06250000000000            48
   -0.31250000000000    0.28125000000000    0.06250000000000            48
   -0.28125000000000    0.28125000000000    0.06250000000000            48
   -0.25000000000000    0.28125000000000    0.06250000000000            48
   -0.21875000000000    0.28125000000000    0.06250000000000            24
    0.37500000000000    0.31250000000000    0.06250000000000            24
    0.40625000000000    0.31250000000000    0.06250000000000            48
    0.43750000000000    0.31250000000000    0.06250000000000            48
    0.46875000000000    0.31250000000000    0.06250000000000            48
    0.50000000000000    0.31250000000000    0.06250000000000            48
   -0.46875000000000    0.31250000000000    0.06250000000000            48
   -0.43750000000000    0.31250000000000    0.06250000000000            48
   -0.40625000000000    0.31250000000000    0.06250000000000            48
   -0.37500000000000    0.31250000000000    0.06250000000000            48
   -0.34375000000000    0.31250000000000    0.06250000000000            48
   -0.31250000000000    0.31250000000000    0.06250000000000            48
   -0.28125000000000    0.31250000000000    0.06250000000000            48
   -0.25000000000000    0.31250000000000    0.06250000000000            24
    0.40625000000000    0.34375000000000    0.06250000000000            24
    0.43750000000000    0.34375000000000    0.06250000000000            48
    0.46875000000000    0.34375000000000    0.06250000000000            48
    0.50000000000000    0.34375000000000    0.06250000000000            48
   -0.46875000000000    0.34375000000000    0.06250000000000            48
   -0.43750000000000    0.34375000000000    0.06250000000000            48
   -0.40625000000000    0.34375000000000    0.06250000000000            48
   -0.37500000000000    0.34375000000000    0.06250000000000            48
   -0.34375000000000    0.34375000000000    0.06250000000000            48
   -0.31250000000000    0.34375000000000    0.06250000000000            48
   -0.28125000000000    0.34375000000000    0.06250000000000            24
    0.43750000000000    0.37500000000000    0.06250000000000            24
    0.46875000000000    0.37500000000000    0.06250000000000            48
    0.50000000000000    0.37500000000000    0.06250000000000            48
   -0.46875000000000    0.37500000000000    0.06250000000000            48
   -0.43750000000000    0.37500000000000    0.06250000000000            48
   -0.40625000000000    0.37500000000000    0.06250000000000            48
   -0.37500000000000    0.37500000000000    0.06250000000000            48
   -0.34375000000000    0.37500000000000    0.06250000000000            48
   -0.31250000000000    0.37500000000000    0.06250000000000            24
    0.46875000000000    0.40625000000000    0.06250000000000            24
    0.50000000000000    0.40625000000000    0.06250000000000            48
   -0.46875000000000    0.40625000000000    0.06250000000000            48
   -0.43750000000000    0.40625000000000    0.06250000000000            48
   -0.40625000000000    0.40625000000000    0.06250000000000            48
   -0.37500000000000    0.40625000000000    0.06250000000000            48
   -0.34375000000000    0.40625000000000    0.06250000000000            24
    0.50000000000000    0.43750000000000    0.06250000000000            24
   -0.46875000000000    0.43750000000000    0.06250000000000            48
   -0.43750000000000    0.43750000000000    0.06250000000000            48
   -0.40625000000000    0.43750000000000    0.06250000000000            48
   -0.37500000000000    0.43750000000000    0.06250000000000            24
   -0.46875000000000    0.46875000000000    0.06250000000000            24
   -0.43750000000000    0.46875000000000    0.06250000000000            48
   -0.40625000000000    0.46875000000000    0.06250000000000            24
   -0.43750000000000    0.50000000000000    0.06250000000000            12
    0.28125000000000    0.18750000000000    0.09375000000000            24
    0.31250000000000    0.18750000000000    0.09375000000000            48
    0.34375000000000    0.18750000000000    0.09375000000000            48
    0.37500000000000    0.18750000000000    0.09375000000000            48
    0.40625000000000    0.18750000000000    0.09375000000000            48
    0.43750000000000    0.18750000000000    0.09375000000000            48
    0.46875000000000    0.18750000000000    0.09375000000000            48
    0.50000000000000    0.18750000000000    0.09375000000000            48
   -0.46875000000000    0.18750000000000    0.09375000000000            48
   -0.43750000000000    0.18750000000000    0.09375000000000            48
   -0.40625000000000    0.18750000000000    0.09375000000000            24
    0.31250000000000    0.21875000000000    0.09375000000000            24
    0.34375000000000    0.21875000000000    0.09375000000000            48
    0.37500000000000    0.21875000000000    0.09375000000000            48
    0.40625000000000    0.21875000000000    0.09375000000000            48
    0.43750000000000    0.21875000000000    0.09375000000000            48
    0.46875000000000    0.21875000000000    0.09375000000000            48
    0.50000000000000    0.21875000000000    0.09375000000000            48
   -0.46875000000000    0.21875000000000    0.09375000000000            48
   -0.43750000000000    0.21875000000000    0.09375000000000            48
   -0.40625000000000    0.21875000000000    0.09375000000000            48
   -0.37500000000000    0.21875000000000    0.09375000000000            48
   -0.34375000000000    0.21875000000000    0.09375000000000            48
   -0.31250000000000    0.21875000000000    0.09375000000000            48
   -0.28125000000000    0.21875000000000    0.09375000000000            48
   -0.25000000000000    0.21875000000000    0.09375000000000            48
   -0.21875000000000    0.21875000000000    0.09375000000000            48
   -0.18750000000000    0.21875000000000    0.09375000000000            48
   -0.15625000000000    0.21875000000000    0.09375000000000            48
   -0.12500000000000    0.21875000000000    0.09375000000000            24
    0.34375000000000    0.25000000000000    0.09375000000000            24
    0.37500000000000    0.25000000000000    0.09375000000000            48
    0.40625000000000    0.25000000000000    0.09375000000000            48
    0.43750000000000    0.25000000000000    0.09375000000000            48
    0.46875000000000    0.25000000000000    0.09375000000000            48
    0.50000000000000    0.25000000000000    0.09375000000000            48
   -0.46875000000000    0.25000000000000    0.09375000000000            48
   -0.43750000000000    0.25000000000000    0.09375000000000            48
   -0.40625000000000    0.25000000000000    0.09375000000000            48
   -0.37500000000000    0.25000000000000    0.09375000000000            48
   -0.34375000000000    0.25000000000000    0.09375000000000            48
   -0.31250000000000    0.25000000000000    0.09375000000000            48
   -0.28125000000000    0.25000000000000    0.09375000000000            48
   -0.25000000000000    0.25000000000000    0.09375000000000            48
   -0.21875000000000    0.25000000000000    0.09375000000000            48
   -0.18750000000000    0.25000000000000    0.09375000000000            48
   -0.15625000000000    0.25000000000000    0.09375000000000            24
    0.37500000000000    0.28125000000000    0.09375000000000            24
    0.40625000000000    0.28125000000000    0.09375000000000            48
    0.43750000000000    0.28125000000000    0.09375000000000            48
    0.46875000000000    0.28125000000000    0.09375000000000            48
    0.50000000000000    0.28125000000000    0.09375000000000            48
   -0.46875000000000    0.28125000000000    0.09375000000000            48
   -0.43750000000000    0.28125000000000    0.09375000000000            48
   -0.40625000000000    0.28125000000000    0.09375000000000            48
   -0.37500000000000    0.28125000000000    0.09375000000000            48
   -0.34375000000000    0.28125000000000    0.09375000000000            48
   -0.31250000000000    0.28125000000000    0.09375000000000            48
   -0.28125000000000    0.28125000000000    0.09375000000000            48
   -0.25000000000000    0.28125000000000    0.09375000000000            48
   -0.21875000000000    0.28125000000000    0.09375000000000            48
   -0.18750000000000    0.28125000000000    0.09375000000000            24
    0.40625000000000    0.31250000000000    0.09375000000000            24
    0.43750000000000    0.31250000000000    0.09375000000000            48
    0.46875000000000    0.31250000000000    0.09375000000000            48
    0.50000000000000    0.31250000000000    0.09375000000000            48
   -0.46875000000000    0.31250000000000    0.09375000000000            48
   -0.43750000000000    0.31250000000000    0.09375000000000            48
   -0.40625000000000    0.31250000000000    0.09375000000000            48
   -0.37500000000000    0.31250000000000    0.09375000000000            48
   -0.34375000000000    0.31250000000000    0.09375000000000            48
   -0.31250000000000    0.31250000000000    0.09375000000000            48
   -0.28125000000000    0.31250000000000    0.09375000000000            48
   -0.25000000000000    0.31250000000000    0.09375000000000            48
   -0.21875000000000    0.31250000000000    0.09375000000000            24
    0.43750000000000    0.34375000000000    0.09375000000000            24
    0.46875000000000    0.34375000000000    0.09375000000000            48
    0.50000000000000    0.34375000000000    0.09375000000000            48
   -0.46875000000000    0.34375000000000    0.09375000000000            48
   -0.43750000000000    0.34375000000000    0.09375000000000            48
   -0.40625000000000    0.34375000000000    0.09375000000000            48
   -0.37500000000000    0.34375000000000    0.09375000000000            48
   -0.34375000000000    0.34375000000000    0.09375000000000            48
   -0.31250000000000    0.34375000000000    0.09375000000000            48
   -0.28125000000000    0.34375000000000    0.09375000000000            48
   -0.25000000000000    0.34375000000000    0.09375000000000            24
    0.46875000000000    0.37500000000000    0.09375000000000            24
    0.50000000000000    0.37500000000000    0.09375000000000            48
   -0.46875000000000    0.37500000000000    0.09375000000000            48
   -0.43750000000000    0.37500000000000    0.09375000000000            48
   -0.40625000000000    0.37500000000000    0.09375000000000            48
   -0.37500000000000    0.37500000000000    0.09375000000000            48
   -0.34375000000000    0.37500000000000    0.09375000000000            48
   -0.31250000000000    0.37500000000000    0.09375000000000            48
   -0.28125000000000    0.37500000000000    0.09375000000000            24
    0.50000000000000    0.40625000000000    0.09375000000000            24
   -0.46875000000000    0.40625000000000    0.09375000000000            48
   -0.43750000000000    0.40625000000000    0.09375000000000            48
   -0.40625000000000    0.40625000000000    0.09375000000000            48
   -0.37500000000000    0.40625000000000    0.09375000000000            48
   -0.34375000000000    0.40625000000000    0.09375000000000            48
   -0.31250000000000    0.40625000000000    0.09375000000000            24
   -0.46875000000000    0.43750000000000    0.09375000000000            24
   -0.43750000000000    0.43750000000000    0.09375000000000            48
   -0.40625000000000    0.43750000000000    0.09375000000000            48
   -0.37500000000000    0.43750000000000    0.09375000000000            48
   -0.34375000000000    0.43750000000000    0.09375000000000            24
   -0.43750000000000    0.46875000000000    0.09375000000000            24
   -0.40625000000000    0.46875000000000    0.09375000000000            48
   -0.37500000000000    0.46875000000000    0.09375000000000            24
   -0.40625000000000    0.50000000000000    0.09375000000000            12
    0.37500000000000    0.25000000000000    0.12500000000000            24
    0.40625000000000    0.25000000000000    0.12500000000000            48
    0.43750000000000    0.25000000000000    0.12500000000000            48
    0.46875000000000    0.25000000000000    0.12500000000000            48
    0.50000000000000    0.25000000000000    0.12500000000000            48
   -0.46875000000000    0.25000000000000    0.12500000000000            48
   -0.43750000000000    0.25000000000000    0.12500000000000            48
   -0.40625000000000    0.25000000000000    0.12500000000000            48
   -0.37500000000000    0.25000000000000    0.12500000000000            24
    0.40625000000000    0.28125000000000    0.12500000000000            24
    0.43750000000000    0.28125000000000    0.12500000000000            48
    0.46875000000000    0.28125000000000    0.12500000000000            48
    0.50000000000000    0.28125000000000    0.12500000000000            48
   -0.46875000000000    0.28125000000000    0.12500000000000            48
   -0.43750000000000    0.28125000000000    0.12500000000000            48
   -0.40625000000000    0.28125000000000    0.12500000000000            48
   -0.37500000000000    0.28125000000000    0.12500000000000            48
   -0.34375000000000    0.28125000000000    0.12500000000000            48
   -0.31250000000000    0.28125000000000    0.12500000000000            48
   -0.28125000000000    0.28125000000000    0.12500000000000            48
   -0.25000000000000    0.28125000000000    0.12500000000000            48
   -0.21875000000000    0.28125000000000    0.12500000000000            48
   -0.18750000000000    0.28125000000000    0.12500000000000            48
   -0.15625000000000    0.28125000000000    0.12500000000000            24
    0.43750000000000    0.31250000000000    0.12500000000000            24
    0.46875000000000    0.31250000000000    0.12500000000000            48
    0.50000000000000    0.31250000000000    0.12500000000000            48
   -0.46875000000000    0.31250000000000    0.12500000000000            48
   -0.43750000000000    0.31250000000000    0.12500000000000            48
   -0.40625000000000    0.31250000000000    0.12500000000000            48
   -0.37500000000000    0.31250000000000    0.12500000000000            48
   -0.34375000000000    0.31250000000000    0.12500000000000            48
   -0.31250000000000    0.31250000000000    0.12500000000000            48
   -0.28125000000000    0.31250000000000    0.12500000000000            48
   -0.25000000000000    0.31250000000000    0.12500000000000            48
   -0.21875000000000    0.31250000000000    0.12500000000000            48
   -0.18750000000000    0.31250000000000    0.12500000000000            24
    0.46875000000000    0.34375000000000    0.12500000000000            24
    0.50000000000000    0.34375000000000    0.12500000000000            48
   -0.46875000000000    0.34375000000000    0.12500000000000            48
   -0.43750000000000    0.34375000000000    0.12500000000000            48
   -0.40625000000000    0.34375000000000    0.12500000000000            48
   -0.37500000000000    0.34375000000000    0.12500000000000            48
   -0.34375000000000    0.34375000000000    0.12500000000000            48
   -0.31250000000000    0.34375000000000    0.12500000000000            48
   -0.28125000000000    0.34375000000000    0.12500000000000            48
   -0.25000000000000    0.34375000000000    0.12500000000000            48
   -0.21875000000000    0.34375000000000    0.12500000000000            24
    0.50000000000000    0.37500000000000    0.12500000000000            24
   -0.46875000000000    0.37500000000000    0.12500000000000            48
   -0.43750000000000    0.37500000000000    0.12500000000000            48
   -0.40625000000000    0.37500000000000    0.12500000000000            48
   -0.37500000000000    0.37500000000000    0.12500000000000            48
   -0.34375000000000    0.37500000000000    0.12500000000000            48
   -0.31250000000000    0.37500000000000    0.12500000000000            48
   -0.28125000000000    0.37500000000000    0.12500000000000            48
   -0.25000000000000    0.37500000000000    0.12500000000000            24
   -0.46875000000000    0.40625000000000    0.12500000000000            24
   -0.43750000000000    0.40625000000000    0.12500000000000            48
   -0.40625000000000    0.40625000000000    0.12500000000000            48
   -0.37500000000000    0.40625000000000    0.12500000000000            48
   -0.34375000000000    0.40625000000000    0.12500000000000            48
   -0.31250000000000    0.40625000000000    0.12500000000000            48
   -0.28125000000000    0.40625000000000    0.12500000000000            24
   -0.43750000000000    0.43750000000000    0.12500000000000            24
   -0.40625000000000    0.43750000000000    0.12500000000000            48
   -0.37500000000000    0.43750000000000    0.12500000000000            48
   -0.34375000000000    0.43750000000000    0.12500000000000            48
   -0.31250000000000    0.43750000000000    0.12500000000000            24
   -0.40625000000000    0.46875000000000    0.12500000000000            24
   -0.37500000000000    0.46875000000000    0.12500000000000            48
   -0.34375000000000    0.46875000000000    0.12500000000000            24
   -0.37500000000000    0.50000000000000    0.12500000000000            12
    0.46875000000000    0.31250000000000    0.15625000000000            24
    0.50000000000000    0.31250000000000    0.15625000000000            48
   -0.46875000000000    0.31250000000000    0.15625000000000            48
   -0.43750000000000    0.31250000000000    0.15625000000000            48
   -0.40625000000000    0.31250000000000    0.15625000000000            48
   -0.37500000000000    0.31250000000000    0.15625000000000            48
   -0.34375000000000    0.31250000000000    0.15625000000000            24
    0.50000000000000    0.34375000000000    0.15625000000000            24
   -0.46875000000000    0.34375000000000    0.15625000000000            48
   -0.43750000000000    0.34375000000000    0.15625000000000            48
   -0.40625000000000    0.34375000000000    0.15625000000000            48
   -0.37500000000000    0.34375000000000    0.15625000000000            48
   -0.34375000000000    0.34375000000000    0.15625000000000            48
   -0.31250000000000    0.34375000000000    0.15625000000000            48
   -0.28125000000000    0.34375000000000    0.15625000000000            48
   -0.25000000000000    0.34375000000000    0.15625000000000            48
   -0.21875000000000    0.34375000000000    0.15625000000000            48
   -0.18750000000000    0.34375000000000    0.15625000000000            24
   -0.46875000000000    0.37500000000000    0.15625000000000            24
   -0.43750000000000    0.37500000000000    0.15625000000000            48
   -0.40625000000000    0.37500000000000    0.15625000000000            48
   -0.37500000000000    0.37500000000000    0.15625000000000            48
   -0.34375000000000    0.37500000000000    0.15625000000000            48
   -0.31250000000000    0.37500000000000    0.15625000000000            48
   -0.28125000000000    0.37500000000000    0.15625000000000            48
   -0.25000000000000    0.37500000000000    0.15625000000000            48
   -0.21875000000000    0.37500000000000    0.15625000000000            24
   -0.43750000000000    0.40625000000000    0.15625000000000            24
   -0.40625000000000    0.40625000000000    0.15625000000000            48
   -0.37500000000000    0.40625000000000    0.15625000000000            48
   -0.34375000000000    0.40625000000000    0.15625000000000            48
   -0.31250000000000    0.40625000000000    0.15625000000000            48
   -0.28125000000000    0.40625000000000    0.15625000000000            48
   -0.25000000000000    0.40625000000000    0.15625000000000            24
   -0.40625000000000    0.43750000000000    0.15625000000000            24
   -0.37500000000000    0.43750000000000    0.15625000000000            48
   -0.34375000000000    0.43750000000000    0.15625000000000            48
   -0.31250000000000    0.43750000000000    0.15625000000000            48
   -0.28125000000000    0.43750000000000    0.15625000000000            24
   -0.37500000000000    0.46875000000000    0.15625000000000            24
   -0.34375000000000    0.46875000000000    0.15625000000000            48
   -0.31250000000000    0.46875000000000    0.15625000000000            24
   -0.34375000000000    0.50000000000000    0.15625000000000            12
   -0.43750000000000    0.37500000000000    0.18750000000000            24
   -0.40625000000000    0.37500000000000    0.18750000000000            48
   -0.37500000000000    0.37500000000000    0.18750000000000            48
   -0.34375000000000    0.37500000000000    0.18750000000000            48
   -0.31250000000000    0.37500000000000    0.18750000000000            24
   -0.40625000000000    0.40625000000000    0.18750000000000            24
   -0.37500000000000    0.40625000000000    0.18750000000000            48
   -0.34375000000000    0.40625000000000    0.18750000000000            48
   -0.31250000000000    0.40625000000000    0.18750000000000            48
   -0.28125000000000    0.40625000000000    0.18750000000000            48
   -0.25000000000000    0.40625000000000    0.18750000000000            48
   -0.21875000000000    0.40625000000000    0.18750000000000            24
   -0.37500000000000    0.43750000000000    0.18750000000000            24
   -0.34375000000000    0.43750000000000    0.18750000000000            48
   -0.31250000000000    0.43750000000000    0.18750000000000            48
   -0.28125000000000    0.43750000000000    0.18750000000000            48
   -0.25000000000000    0.43750000000000    0.18750000000000            24
   -0.34375000000000    0.46875000000000    0.18750000000000            24
   -0.31250000000000    0.46875000000000    0.18750000000000            48
   -0.28125000000000    0.46875000000000    0.18750000000000            24
   -0.31250000000000    0.50000000000000    0.18750000000000            12
   -0.34375000000000    0.43750000000000    0.21875000000000            24
   -0.31250000000000    0.43750000000000    0.21875000000000            48
   -0.28125000000000    0.43750000000000    0.21875000000000            24
   -0.31250000000000    0.46875000000000    0.21875000000000            24
   -0.28125000000000    0.46875000000000    0.21875000000000            48
   -0.25000000000000    0.46875000000000    0.21875000000000            24
   -0.28125000000000    0.50000000000000    0.21875000000000            12
   -0.25000000000000    0.50000000000000    0.25000000000000             6
