# Fix print output for fix def1
0  -0.328874944939725
0.0002  -0.234722509534283
0.0004  0.610682944742825
0.0006  0.390976680767508
0.0008  0.781188206365261
0.001  0.471366389826823
0.0012  0.594476284663968
0.0014  -0.369806326235196
0.0016  0.499858698233201
0.0018  0.0921034800877698
0.002  0.853003106236334
0.0022  -0.664860058707836
0.0024  -0.15328278337196
0.0026  -0.638457528417258
0.0028  0.813575486914931
0.003  0.430021673311013
0.0032  0.401860411524661
0.0034  -0.719173196652953
0.0036  0.684475269351374
0.0038  1.40124831792376
0.004  1.39201671801492
0.0042  0.882441383404426
0.0044  1.55168382484337
0.0046  2.14496668647958
0.0048  2.33706763995201
0.005  1.83021961964179
0.0052  2.25652266616749
0.0054  2.18361084325829
0.0056  1.80404386580326
0.0058  2.77896506310109
0.006  2.83486111546944
0.0062  2.29117175988878
0.0064  3.49391735548546
0.0066  2.26783699615829
0.0068  3.78020696844147
0.007  3.2015666211315
0.0072  3.94466026324775
0.0074  3.21762641268588
0.0076  3.67564555743864
0.0078  4.99912634252801
0.008  3.80190417770899
0.0082  3.80759384005611
0.0084  3.75945378837772
0.0086  4.16634319624707
0.0088  4.81201367820815
0.009  4.51484924145651
0.0092  3.70859861351164
0.0094  4.2641465852465
0.0096  5.08876348832605
0.0098  4.7118278395291
0.01  4.21151997424881
0.0102  4.93762319938273
0.0104  4.44863863916102
0.0106  5.46633642504543
0.0108  5.25628857008447
0.011  5.39731857866558
0.0112  5.32728270439177
0.0114  5.90755741640352
0.0116  5.74859326954812
0.0118  5.12364524050763
0.012  5.77202358252337
0.0122  5.21357502737728
0.0124  5.10895588085215
0.0126  5.12650756676267
0.0128  5.40666030838686
0.013  5.25988720152501
0.0132  5.78195464772932
0.0134  4.97255037622348
0.0136  5.49300753874296
0.0138  6.00296886296607
0.014  5.64740102619599
0.0142  6.19945781054271
0.0144  5.03187016235545
0.0146  6.61989088156854
0.0148  6.38677841461617
0.015  7.00952731497378
0.0152  5.95039224677192
0.0154  7.07736358003444
0.0156  7.22191364279916
0.0158  7.85789089724354
0.016  8.12210561445274
0.0162  8.87252039879554
0.0164  8.47784327600261
0.0166  8.69095792966448
0.0168  9.69491257566467
0.017  9.7527010633433
0.0172  9.18410953642666
0.0174  9.00998630732381
0.0176  8.91688702441768
0.0178  9.13584053316847
0.018  9.78153840886764
0.0182  9.0012399398382
0.0184  8.07512962670271
0.0186  8.39128496584978
0.0188  8.73488141950642
0.019  9.55791039376483
0.0192  9.55991667168396
0.0194  9.59422222520584
0.0196  8.9573998924237
0.0198  9.43203304820598
0.02  9.42485829256714
0.0202  10.3125054668093
0.0204  9.05290483843431
0.0206  9.49151635926491
0.0208  8.90160504082617
0.021  10.1252643752005
0.0212  10.3008018523627
0.0214  10.3315248659991
0.0216  9.63688883884778
0.0218  10.4152077415395
0.022  10.5915837871205
0.0222  11.6039069272956
0.0224  10.9565247815645
0.0226  10.991671739779
0.0228  10.7674020395633
0.023  10.5176364448499
0.0232  10.2312633997281
0.0234  11.3512461920056
0.0236  10.3097860526223
0.0238  10.0816207496149
0.024  11.1077168595561
0.0242  11.7607441412251
0.0244  11.449346522914
0.0246  12.0008762949977
0.0248  12.1103232377702
0.025  11.8951511602192
0.0252  12.3226931307268
0.0254  12.1997771775678
0.0256  12.9894572741704
0.0258  13.2932029500164
0.026  12.8031699378321
0.0262  12.4509413840512
0.0264  13.2412789768922
0.0266  13.5731468734967
0.0268  14.075715184449
0.027  13.8165339622832
0.0272  13.8982083055259
0.0274  14.5042035332045
0.0276  14.4778017464796
0.0278  14.8335909627286
0.028  14.11481671157
0.0282  14.2619801781068
0.0284  14.1485552685264
0.0286  13.9161528835298
0.0288  13.7761833261947
0.029  13.7939768907162
0.0292  13.3457758898024
0.0294  13.9400262172887
0.0296  13.3355728062835
0.0298  13.8197033986742
0.03  13.7079638905372
0.0302  14.2797454617258
0.0304  14.2263471175414
0.0306  14.6027503873383
0.0308  14.646804003541
0.031  15.0202660129527
0.0312  14.627690203626
0.0314  14.8146624401632
0.0316  14.8053081924994
0.0318  15.1360558428876
0.032  14.9556341537242
0.0322  14.973522744485
0.0324  15.2330572013107
0.0326  15.3494448882546
0.0328  16.5041793703478
0.033  16.1439730316835
0.0332  16.1023118625838
0.0334  16.1225567865067
0.0336  16.6150192760269
0.0338  16.8107091461704
0.034  16.6499921083918
0.0342  16.6386832295774
0.0344  16.0295757679779
0.0346  16.1331196893919
0.0348  16.511422737403
0.035  17.192649176249
0.0352  16.7295866258707
0.0354  17.1770937834322
0.0356  17.7904495298339
0.0358  17.8975691124241
0.036  18.3260451474389
0.0362  18.6017734591846
0.0364  18.2288203079617
0.0366  18.8181398920391
0.0368  18.5755535125556
0.037  18.7943053205908
0.0372  18.8163517334908
0.0374  18.9129112485153
0.0376  18.9138473785795
0.0378  18.6511597817728
0.038  18.4582827221655
0.0382  18.8433920475782
0.0384  18.9546049178035
0.0386  18.7932466324972
0.0388  18.2987990796538
0.039  19.0419040458951
0.0392  18.7445360421452
0.0394  19.3859006577439
0.0396  18.5437938996829
0.0398  18.5687754214333
0.04  18.2857438380243
0.0402  18.8250515742469
0.0404  18.9006767086502
0.0406  18.741909106151
0.0408  18.3537598117935
0.041  18.9227318964171
0.0412  19.54271853725
0.0414  20.197432430318
0.0416  20.0201275806921
0.0418  19.9717674343178
0.042  20.1637567256237
0.0422  20.90044760964
0.0424  20.4821379593482
0.0426  20.3784401337439
0.0428  20.0859957539109
0.043  20.4088407171023
0.0432  20.5331280022665
0.0434  21.0141316599002
0.0436  21.0703871101963
0.0438  21.4998094065078
0.044  21.1424804575221
0.0442  21.691200213509
0.0444  22.0071037434549
0.0446  22.2460522125564
0.0448  21.9974974998884
0.045  21.8906953637317
0.0452  22.2525491220843
0.0454  22.5096306491593
0.0456  23.329624458572
0.0458  22.7999194021554
0.046  22.6624956369485
0.0462  22.5215491099711
0.0464  22.8236270433042
0.0466  23.0704072331743
0.0468  22.7531123366724
0.047  23.194781694256
0.0472  23.16892517446
0.0474  23.1407592839872
0.0476  23.4520701833596
0.0478  24.1042616123901
0.048  23.9056372276653
0.0482  23.8154923248103
0.0484  23.3691847423167
0.0486  23.8659476636812
0.0488  22.9803306500066
0.049  23.7358076080016
0.0492  23.2501306401559
0.0494  23.2264785140944
0.0496  22.9816962311367
0.0498  23.6429380183535
0.05  23.7636305000958
0.0502  24.1180051673473
0.0504  23.4325248248469
0.0506  23.7543364783521
0.0508  23.9927175544127
0.051  24.3151188825633
0.0512  24.0808394485121
0.0514  24.027332900537
0.0516  24.4971338308276
0.0518  24.3787615670595
0.052  24.7216801931814
0.0522  24.9985132559306
0.0524  24.7092514132261
0.0526  24.7078911262458
0.0528  24.9916311851667
0.053  25.1588694062009
0.0532  25.8238918007375
0.0534  25.6761387505239
0.0536  26.2473468651128
0.0538  26.4482187228878
0.054  26.5943994939438
0.0542  26.742074972546
0.0544  26.8155354814403
0.0546  26.8582900237596
0.0548  26.8528806015241
0.055  26.805643355677
0.0552  26.9092203620757
0.0554  27.3005710371936
0.0556  27.1301379733366
0.0558  27.4139051414081
0.056  27.4693850949585
0.0562  27.6416760614723
0.0564  27.8628553483214
0.0566  27.9500406529413
0.0568  27.2647969994163
0.057  27.6397564229363
0.0572  27.8386693840695
0.0574  28.0134433945289
0.0576  27.9452832391676
0.0578  28.0689174469829
0.058  27.9666832793886
0.0582  28.4839147360602
0.0584  28.221882797102
0.0586  28.064928785676
0.0588  28.0167447320079
0.059  28.4011159585763
0.0592  28.4288861992726
0.0594  28.310147029031
0.0596  28.3314498772312
0.0598  28.4865836220133
0.06  28.4136664356723
0.0602  28.6663352619349
0.0604  28.3709740054928
0.0606  27.9639172810645
0.0608  28.3260960418344
0.061  28.9004310279156
0.0612  28.7644171045555
0.0614  28.6897217271116
0.0616  28.5815421159374
0.0618  29.2678047200311
0.062  29.3080450029377
0.0622  29.6586716915958
0.0624  29.5889835406663
0.0626  29.5838423052763
0.0628  29.6055034384043
0.063  30.332052511674
0.0632  30.1484594088816
0.0634  30.3374588233201
0.0636  30.29004483915
0.0638  30.8383368323759
0.064  30.7209960083369
0.0642  31.3294989477749
0.0644  31.2938356304295
0.0646  31.6457295487143
0.0648  31.3359742969927
0.065  31.7609283924949
0.0652  31.941368919645
0.0654  32.2096699209723
0.0656  32.1503422142001
0.0658  32.0601955309454
0.066  32.1646721575638
0.0662  32.3707679459398
0.0664  32.8717580565085
0.0666  31.8060311544243
0.0668  32.1250093728343
0.067  31.8438656391563
0.0672  32.1313349799628
0.0674  32.529297933526
0.0676  32.6445843758851
0.0678  32.634629934503
0.068  32.7438494526753
0.0682  32.7409201890753
0.0684  32.7925373689224
0.0686  33.2185431606674
0.0688  33.0597471828689
0.069  32.8322828765759
0.0692  32.9277784808602
0.0694  32.7398194021094
0.0696  33.2069026407105
0.0698  33.0413357396267
0.07  33.1466189974424
0.0702  32.6507846657749
0.0704  32.7627220349486
0.0706  33.1797322061585
0.0708  33.3320689878432
0.071  33.4655872520984
0.0712  32.9746855815712
0.0714  33.1394036893698
0.0716  33.9465924417263
0.0718  34.0475594777474
0.072  33.8802579222101
0.0722  33.8162887311185
0.0724  33.7656595533367
0.0726  33.9497541382046
0.0728  34.4746222548587
0.073  34.1875271197973
0.0732  34.2823507663069
0.0734  34.3908069386571
0.0736  34.6969232545113
0.0738  35.0150755923264
0.074  35.6029553358271
0.0742  35.4441337453345
0.0744  35.7320931499735
0.0746  35.7891804188885
0.0748  35.9457129750234
0.075  36.3709443092247
0.0752  36.6829743890112
0.0754  36.5253836071953
0.0756  36.689061954685
0.0758  36.3449916213795
0.076  36.7722726443178
0.0762  37.0462174861698
0.0764  36.969219860527
0.0766  36.4935483049397
0.0768  36.712365594218
0.077  36.3066052178874
0.0772  37.2273301409271
0.0774  37.0650737077305
0.0776  37.097947672553
0.0778  36.6822030336696
0.078  37.01130375372
0.0782  37.1577241401756
0.0784  37.5108782012835
0.0786  37.4815917001141
0.0788  36.9825156573288
0.079  36.9936506860427
0.0792  37.4523850322108
0.0794  37.7142681614565
0.0796  37.9671896380894
0.0798  37.43495261512
0.08  37.5473570147601
0.0802  37.1519394643402
0.0804  38.1191440776018
0.0806  37.9053853237639
0.0808  37.8064432042912
0.081  37.168318210035
0.0812  37.5382596279929
0.0814  37.5395362618248
0.0816  38.1550578714019
0.0818  38.1088398454024
0.082  37.7566726127971
0.0822  37.7704495656747
0.0824  38.0541080508972
0.0826  38.3748320741233
0.0828  38.6803410196874
0.083  38.4457905125015
0.0832  38.529765003817
0.0834  38.7624357421211
0.0836  39.0643334394057
0.0838  39.482410918276
0.084  39.5506325109856
0.0842  39.4508440347541
0.0844  39.4428608515151
0.0846  39.9053293415185
0.0848  40.564033865083
0.085  40.5311143313654
0.0852  40.3952203963158
0.0854  40.1176584473634
0.0856  40.8322352071865
0.0858  41.105949802325
0.086  41.1407241482529
0.0862  41.0661213422124
0.0864  41.0678590182538
0.0866  40.7620481478406
0.0868  41.5924596472406
0.087  41.4393986784768
0.0872  41.5517315176055
0.0874  41.0416180632085
0.0876  41.2196867659176
0.0878  41.228209253448
0.088  41.4499777735105
0.0882  41.6333513801514
0.0884  41.528435331629
0.0886  41.3248941524657
0.0888  41.3313671410379
0.089  41.837867478405
0.0892  41.9836975384491
0.0894  42.2737547453766
0.0896  41.9541728894432
0.0898  42.0039834830091
0.09  42.0147795932902
0.0902  42.3697895094125
0.0904  42.0258623986437
0.0906  41.8436448587951
0.0908  41.6988826264515
0.091  41.8927910318358
0.0912  42.1304548738278
0.0914  42.3282605851944
0.0916  42.0822891004558
0.0918  41.9002900359392
0.092  41.7525653204607
0.0922  42.2168702351047
0.0924  42.4015029237237
0.0926  42.6676759302502
0.0928  42.4486209140676
0.093  42.5393984803428
0.0932  42.7945781094368
0.0934  43.1429012192831
0.0936  43.3740822101248
0.0938  43.1584633029263
0.094  43.0481124725167
0.0942  42.9548417166004
0.0944  43.5889626088192
0.0946  43.7340805709922
0.0948  43.9427060445907
0.095  43.9973904736487
0.0952  44.0765997202866
0.0954  44.4117626064741
0.0956  44.9350001922206
0.0958  45.0450072166058
0.096  45.1356192217663
0.0962  45.0514499746545
0.0964  45.1493633407931
0.0966  45.2664914779579
0.0968  45.5468302561862
0.097  45.4486898506181
0.0972  45.4419408641093
0.0974  45.3459841574922
0.0976  45.5140231166554
0.0978  45.7351093981029
0.098  45.7823118457116
0.0982  45.9031276307041
0.0984  45.1279178538248
0.0986  45.4279084825753
0.0988  45.7551799058717
0.099  46.1946067335317
0.0992  46.1138480188638
0.0994  46.0680566941926
0.0996  46.3316607086084
0.0998  46.2464778277915
0.1  46.3907456910267
0.1002  46.3302134571611
0.1004  46.1366713352006
0.1006  46.1011588552429
0.1008  46.1062225045556
0.101  46.1846363951953
0.1012  46.5942153158214
0.1014  46.3448964342336
0.1016  46.1656304681454
0.1018  45.9792359399421
0.102  46.3476012747755
0.1022  46.470260725982
0.1024  46.5076107646909
0.1026  46.4012334603767
0.1028  46.0308324171923
0.103  46.4394795639464
0.1032  46.8104376045019
0.1034  47.0574539970318
0.1036  46.7769847018553
0.1038  46.676500381691
0.104  46.8480612367595
0.1042  47.2654405514832
0.1044  47.2153245136233
0.1046  47.3988964867812
0.1048  47.1001357368177
0.105  47.672775217778
0.1052  47.9495667003009
0.1054  48.2475755379524
0.1056  48.4035233416259
0.1058  48.3993550557592
0.106  48.4573161166085
0.1062  48.4009525237658
0.1064  47.8320628574826
0.1066  47.8655740416322
0.1068  47.4612819760849
0.107  46.5387718283875
0.1072  45.4774132673373
0.1074  44.5468292064385
0.1076  44.0816473750575
0.1078  43.1518249199539
0.108  42.3019307240803
0.1082  40.0496298585829
0.1084  38.6586681465321
0.1086  36.8215539731237
0.1088  35.5161567711001
0.109  33.6812644386661
0.1092  31.374208939287
0.1094  29.2374462627364
0.1096  26.8472184023752
0.1098  24.6192466033284
0.11  22.4778901008149
0.1102  20.7483382880693
0.1104  18.8192081145538
0.1106  16.827096316048
0.1108  14.4943843525285
0.111  12.7219431861149
0.1112  12.3300853418477
0.1114  11.3655998209988
0.1116  10.8503058864016
0.1118  9.1227669843464
0.112  8.80453226890754
0.1122  9.22448216296483
0.1124  9.4013944519699
0.1126  9.71411147700559
0.1128  9.13277354792247
0.113  9.52074069575901
0.1132  9.35904591703394
0.1134  9.54728862123823
0.1136  9.78558506737606
0.1138  9.10850096180796
0.114  9.20208418078026
0.1142  9.52367603138047
0.1144  9.52616136321203
0.1146  9.00317796092841
0.1148  8.5937290786039
0.115  8.41937940642252
0.1152  8.66620549178046
0.1154  8.28055069131785
0.1156  7.90243011517139
0.1158  7.83498407715684
0.116  8.03509790592167
0.1162  8.03959990031081
0.1164  8.20198372774703
0.1166  8.22007372697146
0.1168  8.28480305723427
0.117  8.69756065044809
0.1172  8.0448947167373
0.1174  7.71398020184636
0.1176  7.6902389330388
0.1178  7.67630821256363
0.118  8.05808549734214
0.1182  7.42019792075731
0.1184  7.94360670474165
0.1186  7.86823144731629
0.1188  8.14672012947214
0.119  8.28002760601309
0.1192  8.50129915980692
0.1194  8.36167387748019
0.1196  8.77095505761091
0.1198  8.04046577627017
0.12  8.14477281189721
0.1202  8.00266669400329
0.1204  7.66503994201807
0.1206  7.44630336223684
0.1208  7.71901328004732
0.121  7.37746858088651
0.1212  7.36215512340509
0.1214  6.63436726575453
0.1216  6.70384125826875
0.1218  6.68150048684615
0.122  6.24906395896636
0.1222  6.00283176236314
0.1224  5.71703404989341
0.1226  5.49263140873685
0.1228  5.6102032819055
0.123  6.17587246636131
0.1232  6.03434607937926
0.1234  5.39459788109882
0.1236  5.29444147211142
0.1238  6.16382612252693
0.124  6.50255397494017
0.1242  6.68537083874663
0.1244  6.28600109641554
0.1246  7.38607570357152
0.1248  7.24151325867971
0.125  7.52667396691121
0.1252  7.05059877666173
0.1254  7.12545091136343
0.1256  8.05815166996095
0.1258  7.83626222940275
0.126  7.58934377341767
0.1262  7.03861879046932
0.1264  7.02262876014802
0.1266  6.92420666926623
0.1268  6.89286389912683
0.127  6.29611644801302
0.1272  5.94037808334266
0.1274  6.22411392498575
0.1276  6.49384806520988
0.1278  6.45356197652042
0.128  6.63220104555173
0.1282  6.17473062948093
0.1284  6.01092015713855
0.1286  5.95040992942699
0.1288  6.27837732947757
0.129  6.38276193615991
0.1292  6.44193667931301
0.1294  6.45090957088833
0.1296  6.47195749705462
0.1298  6.56043338474893
0.13  6.65184261715665
0.1302  6.29081747324721
0.1304  6.23986927736368
0.1306  6.31884922626299
0.1308  6.8002985752103
0.131  6.78646124404437
0.1312  6.13602148959997
0.1314  5.9995222172827
0.1316  6.11799204755132
0.1318  6.85660104823233
0.132  6.42226237168722
0.1322  6.68123644609489
0.1324  6.2106332960182
0.1326  6.06434364700052
0.1328  6.55726968896734
0.133  6.24534673295001
0.1332  6.04232571576117
0.1334  6.11585001788729
0.1336  6.08921956783521
0.1338  5.84775396102877
0.134  6.4378293494646
0.1342  6.96997582708391
0.1344  6.94676732935845
0.1346  7.31240595472066
0.1348  7.11587969119735
0.135  6.71955030938831
0.1352  6.83855530173323
0.1354  7.0715369156109
0.1356  7.09380229642184
0.1358  6.76740968711866
0.136  6.71945314416831
0.1362  7.10964514256019
0.1364  7.2735431507318
0.1366  7.17552771478212
0.1368  7.60321172688581
0.137  7.50812069738719
0.1372  7.1895986786569
0.1374  7.45784337373075
0.1376  7.68744026060676
0.1378  7.46403345723845
0.138  7.24475183125966
0.1382  7.01521817896382
0.1384  7.23735612467217
0.1386  7.15547325665557
0.1388  6.66307485855342
0.139  6.62625666007587
0.1392  6.51554661358629
0.1394  6.38506112887558
0.1396  7.01629433141754
0.1398  6.98580504047252
0.14  7.04698476721817
0.1402  6.96187993178389
0.1404  7.03173385467233
0.1406  7.72953847543186
0.1408  7.81411693205049
0.141  7.98006545023265
0.1412  7.71402990271391
0.1414  7.6970801959428
0.1416  8.20291129670834
0.1418  7.42023843524173
0.142  7.82259019711377
0.1422  7.85658360708713
0.1424  7.2915197815936
0.1426  7.14704223355703
0.1428  7.46820825006785
0.143  7.65607486278703
0.1432  7.40453102956864
0.1434  7.45782500342375
0.1436  7.09571482882131
0.1438  7.06057433086008
0.144  7.21192560329096
0.1442  7.03420391670812
0.1444  6.85740992041126
0.1446  7.08608605385859
0.1448  6.95916800008932
0.145  6.33650935374567
0.1452  6.72734495052993
0.1454  6.46235488931416
0.1456  7.21541896355836
0.1458  7.27750109650391
0.146  7.46775822452629
0.1462  7.42691850939631
0.1464  7.45099246148643
0.1466  7.78346019039129
0.1468  8.26606342665227
0.147  8.40959048967268
0.1472  7.6512481179605
0.1474  7.68658256117882
0.1476  7.56006645744708
0.1478  7.77062192240279
0.148  7.46816751332847
0.1482  7.69076571814275
0.1484  7.44547816315351
0.1486  7.69491306324061
0.1488  7.19719146236913
0.149  7.2666509283106
0.1492  7.23364897954721
0.1494  7.82168222358845
0.1496  7.67035387707546
0.1498  7.29238440712259
0.15  7.33199319671828
0.1502  7.31660416512352
0.1504  6.93527859773107
0.1506  7.26462435274997
0.1508  7.0421964016756
0.151  7.33587145699338
0.1512  7.48852544714804
0.1514  7.59096266795636
0.1516  7.42423336493008
0.1518  7.67054381385665
0.152  7.50847375142322
0.1522  7.28366549853268
0.1524  7.23824399605303
0.1526  7.05309360560346
0.1528  7.48413489549637
0.153  7.43133252081391
0.1532  7.88875115053284
0.1534  7.84521761232838
0.1536  7.81193049399795
0.1538  7.96847178606021
0.154  8.27716320185871
0.1542  8.33714414539631
0.1544  8.03702854715118
0.1546  8.26014904178702
0.1548  7.87784478742351
0.155  8.35081139709019
0.1552  8.29604555662477
0.1554  8.24422596262315
0.1556  7.83233512692183
0.1558  7.6522820967992
0.156  7.68682988659403
0.1562  7.77084221263919
0.1564  7.4200187223826
0.1566  7.51534506997455
0.1568  7.33182107434494
0.157  7.13150575206707
0.1572  7.26485055676838
0.1574  7.37648630173735
0.1576  7.38261241939698
0.1578  7.60088378208119
0.158  7.67609960863928
0.1582  7.56534177716968
0.1584  7.69581237812646
0.1586  8.08120866300062
0.1588  8.08402211185233
0.159  7.93384928988014
0.1592  7.86990495524601
0.1594  8.18424815526109
0.1596  8.34290541400782
0.1598  7.72704357811453
0.16  8.07928773729373
